,direction,entry_date,entry_time,entry_price,exit_date,exit_time,exit_price,position_size,status,profit_loss,profit_loss_percent,running_profit_loss,sl_price,drawdown,runup,slippage,commission
0,short,2021-01-05,19:00:00,1.72846,2021-01-06,09:00:00,1.72843,5000.0,closed,-6.698714462584623,-0.13397428925169247,993.3012855374154,100000,1.72846,1.7239,5.7854969163301435,1.0
1,long,2021-01-06,09:00:00,1.72843,2021-01-06,16:00:00,1.72281,4966.506427687077,closed,-22.888766522183,-0.4608625168505499,970.4125190152324,0,1.72163,1.73125,5.746841269460814,0.9933012855374155
2,short,2021-01-06,16:00:00,1.72281,2021-01-06,20:00:00,1.72604,4852.062595076163,closed,-15.700003926221283,-0.3235738125504302,954.7125150890112,100000,1.72604,1.71979,5.6327309396580745,0.9704125190152327
3,short,2021-01-07,07:00:00,1.72285,2021-01-07,10:00:00,1.7269,4773.5625754450575,closed,-17.71766551821936,-0.3711623182517404,936.9948495707918,100000,1.72803,1.72005,5.541472067150428,0.9547125150890116
4,long,2021-01-07,10:00:00,1.7269,2021-01-07,18:00:00,1.72376,4684.974247853961,closed,-14.881500978454936,-0.31764317563264477,922.1133485923368,0,1.72273,1.7302,5.425877871160995,0.9369948495707923
5,long,2021-01-08,09:00:00,1.72313,2021-01-12,09:00:00,1.72739,4610.566742961687,closed,5.124952652866107,0.11115667419172844,927.2383012452029,0,1.71991,1.72961,5.351385841998789,0.9221133485923374
6,long,2021-01-12,11:00:00,1.73307,2021-01-13,01:00:00,1.73691,4636.191506226016,closed,3.9950051000341116,0.08616997582324101,931.233306345237,0,1.73155,1.74,5.3502645666084065,0.9272383012452032
7,long,2021-01-13,10:00:00,1.74238,2021-01-13,13:00:00,1.74016,4656.166531726187,closed,-12.208350102844868,-0.2621974540571007,919.0249562423921,0,1.7395,1.74354,5.3446051168243285,0.9312333063452374
8,short,2021-01-14,20:00:00,1.72849,2021-01-14,22:00:00,1.73045,4595.124781211962,closed,-11.446534015362893,-0.24910170148510907,907.5784222270293,100000,1.73178,1.72826,5.316923767232627,0.9190249562423924
9,short,2021-01-18,11:00:00,1.73071,2021-01-18,18:00:00,1.73311,4537.892111135147,closed,-12.444303401567563,-0.2742309225693477,895.1341188254617,100000,1.73348,1.72973,5.243965899700293,0.9075784222270296
10,long,2021-01-18,18:00:00,1.73311,2021-01-19,02:00:00,1.73153,4475.670594127309,closed,-10.14030651236966,-0.22656507665410244,884.993812313092,0,1.73142,1.73501,5.164900778516435,0.8951341188254619
11,long,2021-01-19,10:00:00,1.73374,2021-01-20,04:00:00,1.73527,4424.969061565462,closed,-2.0845597558430504,-0.0471090244211917,882.9092525572489,0,1.7318,1.73802,5.104535929915053,0.8849938123130924
12,long,2021-01-20,11:00:00,1.73834,2021-01-20,16:00:00,1.73183,4414.546262786245,closed,-22.494210089166323,-0.5095474993384502,860.4150424680826,0,1.73183,1.74173,5.07903662434995,0.8829092525572491
13,short,2021-01-20,16:00:00,1.73183,2021-01-21,06:00:00,1.72673,4302.0752123404145,closed,6.840359951760439,0.15900140314002428,867.255402419843,100000,1.73183,1.72022,4.968241931760525,0.860415042468083
14,short,2021-01-22,09:00:00,1.73351,2021-01-22,18:00:00,1.73962,4336.277012099217,closed,-21.153960739062807,-0.4878369320049977,846.1014416807802,100000,1.74071,1.7324,5.00288664282204,0.8672554024198434
15,long,2021-01-22,18:00:00,1.73962,2021-01-25,04:00:00,1.74078,4230.507208403904,closed,-2.888861386415302,-0.06828640737632069,843.2125802943649,0,1.7392,1.74355,4.863714154130101,0.8461014416807808
16,long,2021-01-25,21:00:00,1.74231,2021-01-25,22:00:00,1.74202,4216.062901471828,closed,-6.384582396441324,-0.15143470450150223,836.8279978979235,0,1.74174,1.74274,4.839624293577868,0.8432125802943656
17,long,2021-01-26,16:00:00,1.74445,2021-01-28,05:00:00,1.75293,4184.139989489622,closed,14.705736782917196,0.35146378514718357,851.5337346808407,0,1.74319,1.75416,4.797087895313276,0.8368279978979245
18,long,2021-01-28,18:00:00,1.75864,2021-01-28,20:00:00,1.75722,4257.668673404207,closed,-9.131356133262866,-0.2144684528954179,842.4023785475778,0,1.75709,1.75915,4.842001402679579,0.8515337346808414
19,long,2021-01-28,22:00:00,1.75927,2021-01-29,09:00:00,1.7617,4212.0118927378935,closed,0.18709571661572366,0.00444195603859294,842.5894742641935,0,1.75854,1.76426,4.7883632333159705,0.8424023785475787
20,short,2021-02-01,16:00:00,1.75247,2021-02-01,20:00:00,1.7545,4212.947371320972,closed,-10.530731300614098,-0.24996114056160598,832.0587429635794,100000,1.75657,1.75119,4.808010831935465,0.8425894742641944
21,short,2021-02-02,08:00:00,1.75532,2021-02-03,07:00:00,1.74637,4160.293714817901,closed,15.640174991047578,0.37593920196887254,847.6989179546271,100000,1.75551,1.74595,4.740211146478022,0.8320587429635802
22,short,2021-02-03,08:00:00,1.74517,2021-02-03,09:00:00,1.7469,4238.494589773138,closed,-9.906750368445355,-0.23373275955922848,837.7921675861817,100000,1.7469,1.74454,4.857400241550264,0.8476989179546276
23,short,2021-02-03,13:00:00,1.74346,2021-02-03,15:00:00,1.74684,4188.96083793091,closed,-13.764162321227815,-0.3285817856446342,824.0280052649539,100000,1.74685,1.74293,4.805342064550848,0.8377921675861821
24,short,2021-02-04,06:00:00,1.74214,2021-02-04,14:00:00,1.75053,4120.140026324771,closed,-25.39625232335302,-0.6163929420138391,798.6317529416009,100000,1.75053,1.73527,4.7299758071392315,0.8240280052649541
25,long,2021-02-04,14:00:00,1.75053,2021-02-05,07:00:00,1.75386,3993.158764708005,closed,2.235250075454294,0.05597698982594158,800.8670030170551,0,1.75053,1.75531,4.562228313377097,0.798631752941601
26,long,2021-02-08,18:00:00,1.75248,2021-02-09,19:00:00,1.75312,4004.3350150852757,closed,-3.9084035343989134,-0.09760430932164853,796.9585994826563,0,1.74995,1.75915,4.569906663796763,0.8008670030170552
27,long,2021-02-10,04:00:00,1.75587,2021-02-10,06:00:00,1.75492,3984.792997413281,closed,-7.491724921801053,-0.18800788213250447,789.4668745608552,0,1.75484,1.75591,4.538824625300598,0.7969585994826562
28,long,2021-02-10,10:00:00,1.75656,2021-02-10,18:00:00,1.75622,3947.3343728042755,closed,-6.047905204229088,-0.15321492007104834,783.4189693566261,0,1.75506,1.75945,4.49439173475916,0.7894668745608552
29,long,2021-02-11,06:00:00,1.75801,2021-02-11,07:00:00,1.75718,3917.0948467831295,closed,-7.089059105872733,-0.18097746884261798,776.3299102507534,0,1.75713,1.75805,4.45628278199001,0.7834189693566259
30,long,2021-02-15,01:00:00,1.76007,2021-02-15,08:00:00,1.76025,3881.6495512537654,closed,-4.790148782955581,-0.12340497821108998,771.5397614677978,0,1.75969,1.76191,4.410789970005472,0.7763299102507532
31,long,2021-02-15,09:00:00,1.76233,2021-02-15,10:00:00,1.76038,3857.6988073389884,closed,-9.417996604958292,-0.24413509388138974,762.1217648628395,0,1.76002,1.76233,4.3779528321472005,0.7715397614677977
32,long,2021-02-16,04:00:00,1.75962,2021-02-16,14:00:00,1.75861,3810.608824314197,closed,-7.280536286853704,-0.19105966060853796,754.8412285759858,0,1.75821,1.76275,4.331172439861104,0.7621217648628394
33,long,2021-02-16,15:00:00,1.761,2021-02-17,03:00:00,1.7631,3774.2061428799275,closed,-0.5405194714561912,-0.014321408290744422,754.3007091045297,0,1.7603,1.76681,4.286435142396283,0.7548412285759856
34,long,2021-02-23,11:00:00,1.77759,2021-02-23,22:00:00,1.77665,3771.503545522646,closed,-6.992083563326457,-0.185392469579596,747.3086255412032,0,1.774,1.77853,4.243389696749696,0.7543007091045293
35,long,2021-02-24,02:00:00,1.77861,2021-02-24,12:00:00,1.77986,3736.5431277060134,closed,-2.3229251720464004,-0.062167760217249804,744.9857003691568,0,1.77819,1.78596,4.201644124013711,0.7473086255412027
36,short,2021-02-25,13:00:00,1.76486,2021-02-25,16:00:00,1.76841,3724.9285018457817,closed,-12.458862826738315,-0.3344725360651804,732.5268375424184,100000,1.7705,1.76365,4.221216982475417,0.7449857003691563
37,short,2021-02-25,20:00:00,1.76384,2021-02-25,22:00:00,1.76644,3662.63418771209,closed,-10.284480111918425,-0.2807946298983998,722.2423574305,100000,1.76717,1.76296,4.153023162772235,0.732526837542418
38,short,2021-02-26,05:00:00,1.76244,2021-02-26,14:00:00,1.76406,3611.211787152497,closed,-8.139565312817279,-0.22539706316243133,714.1027921176827,100000,1.76598,1.75549,4.097968483639156,0.7222423574304995
39,long,2021-02-26,14:00:00,1.76406,2021-03-01,09:00:00,1.7727,3570.5139605884096,closed,12.725469953881305,0.3564044306882975,726.828262071564,0,1.76077,1.778,4.048064080120189,0.714102792117682
40,short,2021-03-02,12:00:00,1.75781,2021-03-02,13:00:00,1.76198,3634.1413103578157,closed,-13.482843920708017,-0.3710049436514758,713.3454181508561,100000,1.76198,1.75733,4.134851104906463,0.7268282620715631
41,long,2021-03-02,13:00:00,1.76198,2021-03-03,11:00:00,1.76174,3566.727090754275,closed,-5.247715095042556,-0.14712970635308106,708.0977030558136,0,1.75939,1.76545,4.048544354367558,0.7133454181508551
42,long,2021-03-03,12:00:00,1.76415,2021-03-03,13:00:00,1.76164,3540.488515279062,closed,-9.7592573005439,-0.2756471955332603,698.3384457552696,0,1.76061,1.76441,4.013818003320649,0.7080977030558124
43,long,2021-03-03,14:00:00,1.76431,2021-03-04,03:00:00,1.7641,3491.692228776342,closed,-5.072082190106242,-0.1452614336482842,693.2663635651634,0,1.76046,1.76723,3.9581391351591746,0.6983384457552684
44,short,2021-03-08,01:00:00,1.74977,2021-03-08,06:00:00,1.74949,3466.33181782581,closed,-4.100623174266107,-0.11829863353468983,689.1657403908972,100000,1.75059,1.74838,3.962042803140767,0.693266363565162
45,short,2021-03-09,01:00:00,1.74977,2021-03-09,03:00:00,1.75113,3445.8287019544787,closed,-7.3060264926995675,-0.21202523760265796,681.8597138981977,100000,1.75132,1.74937,3.938607590659891,0.6891657403908957
46,long,2021-03-09,16:00:00,1.75636,2021-03-10,13:00:00,1.75432,3409.2985694909817,closed,-8.523968518894298,-0.2500211801680646,673.3357453793034,0,1.75432,1.76044,3.8822320816814115,0.6818597138981963
47,long,2021-03-10,20:00:00,1.75977,2021-03-16,06:00:00,1.73069,3366.6787268965095,closed,-60.13359181972055,-1.7861398932815082,613.2021535595828,0,1.73068,1.76001,3.8262713046551644,0.673335745379302
48,short,2021-03-16,06:00:00,1.73069,2021-03-16,15:00:00,1.73074,3066.0107677979067,closed,-4.244887824584058,-0.13844986681611865,608.9572657349987,100000,1.73212,1.72381,3.543107971731398,0.6132021535595814
49,short,2021-03-17,20:00:00,1.7316,2021-03-18,10:00:00,1.73161,3044.786328674986,closed,-4.143272650718204,-0.13607761607761984,604.8139930842805,100000,1.73355,1.7285,3.5167317263513356,0.6089572657349973
50,long,2021-03-18,10:00:00,1.73161,2021-03-19,05:00:00,1.73975,3024.069965421395,closed,10.118033292209061,0.33458330686469895,614.9320263764895,0,1.7306,1.7436,3.492784132017481,0.604813993084279
51,short,2021-03-22,15:00:00,1.72974,2021-03-22,16:00:00,1.73342,3074.66013188244,closed,-10.71128728733592,-0.3483730502850085,604.2207390891535,100000,1.73457,1.72963,3.555054669351972,0.614932026376488
52,long,2021-03-26,17:00:00,1.73503,2021-03-29,09:00:00,1.73667,3021.103695445761,closed,-1.2310671511747566,-0.040748920767948484,602.9896719379788,0,1.73381,1.73839,3.4824800671409264,0.6042207390891522
53,long,2021-03-29,10:00:00,1.73987,2021-03-29,17:00:00,1.73745,3014.948359689888,closed,-8.26222383876054,-0.2740419686528355,594.7274480992182,0,1.73667,1.74446,3.465716817566701,0.6029896719379777
54,long,2021-04-05,05:00:00,1.73962,2021-04-05,14:00:00,1.73992,2973.6372404960844,closed,-3.5006398363469042,-0.11772249111875197,591.2268082628714,0,1.73922,1.74202,3.418720456761919,0.5947274480992168
55,long,2021-04-05,19:00:00,1.74263,2021-04-06,04:00:00,1.74136,2956.134041314349,closed,-6.138335669637674,-0.20764740650625105,585.0884725932337,0,1.74109,1.74284,3.3927271323394517,0.5912268082628698
56,long,2021-04-06,07:00:00,1.74397,2021-04-06,10:00:00,1.74021,2925.4423629661596,closed,-10.247266153794765,-0.350280910795483,574.841206439439,0,1.73977,1.7446,3.354922805972763,0.5850884725932319
57,short,2021-04-06,10:00:00,1.74021,2021-04-08,05:00:00,1.73493,2874.206032197185,closed,4.842548525608204,0.16848299917825726,579.6837549650472,100000,1.7427,1.73203,3.303286421980318,0.574841206439437
58,long,2021-04-08,05:00:00,1.73493,2021-04-08,17:00:00,1.72856,2898.418774825225,closed,-14.562821486912208,-0.5024402137262014,565.120933478135,0,1.72751,1.73583,3.341251548852374,0.579683754965045
59,short,2021-04-08,17:00:00,1.72856,2021-04-09,04:00:00,1.72786,2825.6046673906644,closed,-2.6901765101474147,-0.09520710880732257,562.4307569679876,100000,1.72923,1.72468,3.26931627179926,0.5651209334781329
60,short,2021-04-09,15:00:00,1.7226,2021-04-12,05:00:00,1.71846,2812.153784839927,closed,2.931130777663915,0.10423081388597531,565.3618877456515,100000,1.72605,1.71726,3.2650107800301025,0.5624307569679854
61,short,2021-04-13,16:00:00,1.72815,2021-04-14,05:00:00,1.7265,2826.8094387282463,closed,-1.1378719728392221,-0.040252871567852816,564.2240157728123,100000,1.72815,1.72241,3.271486200536118,0.5653618877456493
62,long,2021-04-14,05:00:00,1.7265,2021-04-14,18:00:00,1.72593,2821.120078864051,closed,-4.763632415819434,-0.16885606718795015,559.4603833569929,0,1.72564,1.73261,3.26802210120365,0.5642240157728102
63,long,2021-04-20,20:00:00,1.75713,2021-04-21,04:00:00,1.75751,2797.3019167849543,closed,-3.1384551675745023,-0.1121957965546189,556.3219281894184,0,1.75671,1.7588,3.1839441780459663,0.5594603833569909
64,short,2021-04-22,11:00:00,1.73837,2021-04-23,01:00:00,1.73104,2781.609640947081,closed,7.9723453786831735,0.28660906481359305,564.2942735681015,100000,1.7401,1.72735,3.2002503965750457,0.5563219281894163
65,short,2021-04-26,14:00:00,1.72853,2021-04-29,04:00:00,1.71663,2821.4713678404974,closed,15.595429041399159,0.5527409995776641,579.8897026095007,100000,1.72861,1.71585,3.2645905686803207,0.5642942735680995
66,short,2021-04-29,14:00:00,1.71368,2021-04-29,16:00:00,1.71677,2899.4485130474936,closed,-9.191878481968075,-0.31702161430370984,570.6978241275326,100000,1.71736,1.71348,3.3838855714573244,0.5798897026094988
67,long,2021-05-04,12:00:00,1.70981,2021-05-04,15:00:00,1.70606,2853.489120637653,closed,-10.166829817546043,-0.35629467601664166,560.5309943099866,0,1.70541,1.71135,3.337785041188966,0.5706978241275306
68,short,2021-05-04,15:00:00,1.70606,2021-05-04,17:00:00,1.71,2802.654971549923,closed,-10.31855271160404,-0.36817063878175765,550.2124415983825,100000,1.71066,1.70427,3.285529197742076,0.5605309943099847
69,long,2021-05-04,17:00:00,1.71,2021-05-10,22:00:00,1.70882,2751.062207991904,closed,-5.666222863477996,-0.20596491228069935,544.5462187349045,0,1.68762,1.71334,3.2176166175343908,0.5502124415983808
70,long,2021-05-11,15:00:00,1.71327,2021-05-11,16:00:00,1.71031,2722.731093674513,closed,-8.426985194859965,-0.3095048649658299,536.1192335400445,0,1.7086,1.71487,3.178402812953607,0.5445462187349026
71,long,2021-05-11,19:00:00,1.71371,2021-05-11,20:00:00,1.71174,2680.596167700214,closed,-6.746018683137653,-0.25166113286378833,529.3732148569069,0,1.71067,1.71371,3.128412820955954,0.5361192335400429
72,short,2021-05-13,04:00:00,1.70403,2021-05-13,05:00:00,1.70439,2646.866074284526,closed,-4.195156056304443,-0.15849521428614158,525.1780588006025,100000,1.70439,1.70345,3.1065956283451888,0.5293732148569052
73,short,2021-05-13,14:00:00,1.70269,2021-05-13,16:00:00,1.70378,2625.8902940030043,closed,-5.290579281847295,-0.20147754435628534,519.8874795187552,100000,1.70441,1.70161,3.0844020861143298,0.5251780588006009
74,short,2021-05-14,10:00:00,1.70797,2021-05-14,22:00:00,1.70819,2599.4373975937674,closed,-3.8986066740353125,-0.14997886379737987,515.9888728447198,100000,1.70981,1.70337,3.043891166230985,0.5198874795187535
75,long,2021-05-20,11:00:00,1.71236,2021-05-20,16:00:00,1.70821,2579.9443642235906,closed,-9.781948040295097,-0.3791534490410951,506.2069248044247,0,1.70804,1.7141,3.01332005445536,0.5159888728447182
76,short,2021-05-20,16:00:00,1.70821,2021-05-20,21:00:00,1.71092,2531.0346240221156,closed,-7.484958412703533,-0.2957272232336768,498.7219663917212,100000,1.7116,1.70761,2.9633764279826433,0.5062069248044232
77,short,2021-05-21,14:00:00,1.70894,2021-05-24,08:00:00,1.70843,2493.609831958598,closed,-2.6728642122390203,-0.10718854962725373,496.0491021794822,100000,1.7111,1.70629,2.91831173939237,0.4987219663917196
78,long,2021-05-24,17:00:00,1.70902,2021-05-25,14:00:00,1.70438,2480.2455108974027,closed,-10.132466576731385,-0.40852675802506566,485.91663560275083,0,1.70416,1.71033,2.9025353839011863,0.49604910217948056
79,long,2021-05-27,16:00:00,1.71258,2021-05-28,10:00:00,1.71406,2429.583178013746,closed,-1.2236242186454849,-0.05036354506067303,484.6930113841053,0,1.70959,1.71573,2.837336857856271,0.4859166356027492
80,long,2021-05-28,12:00:00,1.71584,2021-05-28,13:00:00,1.71538,2423.4650569205187,closed,-3.959215134673445,-0.16337001118986194,480.73379624943186,0,1.71521,1.71649,2.8248147343814325,0.48469301138410376
81,short,2021-05-31,08:00:00,1.71395,2021-05-31,17:00:00,1.71692,2403.6689812471514,closed,-7.4507357430962715,-0.30997345313456737,473.2830605063356,100000,1.71724,1.70974,2.804829757282478,0.4807337962494303
82,long,2021-05-31,17:00:00,1.71692,2021-06-01,10:00:00,1.71123,2366.4153025316705,closed,-11.072340486867775,-0.4678950679123066,462.2107200194678,0,1.71123,1.71762,2.7565819054256115,0.4732830605063341
83,short,2021-06-01,10:00:00,1.71123,2021-06-01,22:00:00,1.70838,2311.053600097332,closed,0.685732899530668,0.029671873447755074,462.8964529189984,100000,1.71163,1.70194,2.7010438107061376,0.46221072001946645
84,short,2021-06-02,21:00:00,1.70542,2021-06-03,07:00:00,1.70588,2314.4822645949853,closed,-3.801444359536697,-0.16424599218961472,459.09500855946175,100000,1.70686,1.70513,2.7142665907459573,0.46289645291899706
85,short,2021-06-03,08:00:00,1.70551,2021-06-03,09:00:00,1.70603,2295.475042797302,closed,-3.8508060556063066,-0.16775638958433864,455.24420250385543,100000,1.7066,1.70508,2.69183416432305,0.45909500855946045
86,short,2021-06-03,20:00:00,1.70644,2021-06-04,10:00:00,1.71108,2276.2210125192714,closed,-9.312342912759071,-0.40911417922692733,445.9318595910964,100000,1.71116,1.70644,2.6678008163419418,0.45524420250385433
87,long,2021-06-08,18:00:00,1.71198,2021-06-09,08:00:00,1.71377,2229.659297955476,closed,-0.7194329826011436,-0.03226649844040477,445.21242660849526,0,1.71162,1.71544,2.6047726000951834,0.44593185959109527
88,long,2021-06-09,09:00:00,1.71584,2021-06-09,10:00:00,1.71417,2226.06213304247,closed,-5.2065235210380445,-0.23388940693771332,440.0059030874572,0,1.71385,1.71616,2.594719942468377,0.445212426608494
89,short,2021-06-10,10:00:00,1.7073,2021-06-10,15:00:00,1.70997,2200.0295154372807,closed,-6.457775385364732,-0.29353130674163597,433.5481277020925,100000,1.71063,1.70575,2.57720320440143,0.44000590308745613
90,long,2021-06-10,15:00:00,1.70997,2021-06-11,08:00:00,1.71324,2167.7406385104564,closed,1.176439539279499,0.05427030883583374,434.724567241372,0,1.7094,1.71573,2.535413648789694,0.4335481277020913
91,long,2021-06-11,18:00:00,1.71644,2021-06-14,04:00:00,1.71584,2173.622836206854,closed,-3.7272482640427023,-0.17147631143529246,430.99731897732926,0,1.71507,1.71858,2.5327105360010886,0.4347245672413708
92,short,2021-06-16,18:00:00,1.71646,2021-06-17,08:00:00,1.71809,2154.986594886641,closed,-4.988401126487011,-0.2314817706209173,426.00891785084224,100000,1.71935,1.71471,2.5109662851294416,0.4309973189773282
93,long,2021-06-17,08:00:00,1.71809,2021-06-17,17:00:00,1.71929,2130.0445892542066,closed,-1.4178287127411984,-0.06656333486603787,424.59108913810104,0,1.71597,1.72233,2.4795494872261714,0.42600891785084133
94,short,2021-06-17,17:00:00,1.71929,2021-06-18,20:00:00,1.71889,2122.9554456905,closed,-2.400248897364108,-0.11306167080597479,422.1908402407369,100000,1.72257,1.71443,2.469572260282442,0.42459108913809995
95,long,2021-06-30,12:00:00,1.71906,2021-06-30,15:00:00,1.71434,2110.95420120368,closed,-8.674149603802713,-0.41091131199609426,413.5166906369342,0,1.71392,1.71906,2.455940108202948,0.422190840240736
96,short,2021-06-30,15:00:00,1.71434,2021-07-01,20:00:00,1.71133,2067.583453184666,closed,0.8045959869628565,0.038914801031298164,414.32128662389704,100000,1.71663,1.70652,2.4121043120788945,0.4135166906369332
97,short,2021-07-02,12:00:00,1.70923,2021-07-06,14:00:00,1.71269,2071.60643311948,closed,-7.031904130847551,-0.33944208795773645,407.28938249304946,100000,1.71283,1.70261,2.424023019862137,0.414321286623896
98,long,2021-07-06,14:00:00,1.71269,2021-07-07,06:00:00,1.72031,2036.446912465242,closed,6.2750825867801865,0.30813877584384564,413.56446507982963,0,1.71269,1.7247,2.3780683164673606,0.4072893824930484
99,long,2021-07-07,18:00:00,1.72517,2021-07-08,17:00:00,1.72711,2067.8223253991428,closed,-0.48548163238757136,-0.02347791811822425,413.07898344744206,0,1.72014,1.73409,2.3972389102513287,0.4135644650798286
100,long,2021-07-09,16:00:00,1.73083,2021-07-09,17:00:00,1.72642,2065.394917237205,closed,-8.06211523743572,-0.3903425524170498,405.01686821000635,0,1.72605,1.7331,2.386594775035335,0.413078983447441
101,long,2021-07-09,19:00:00,1.72884,2021-07-12,10:00:00,1.73069,2025.084341050026,closed,-0.5807200282232177,-0.028676337891295364,404.43614818178315,0,1.72878,1.73307,2.3427088001781846,0.4050168682100052
102,long,2021-07-13,16:00:00,1.73338,2021-07-13,22:00:00,1.72891,2022.1807409089104,closed,-7.952411429816853,-0.39325918148357397,396.4837367519663,0,1.72891,1.73476,2.333222652746554,0.4044361481817821
103,short,2021-07-13,22:00:00,1.72891,2021-07-14,09:00:00,1.73071,1982.4186837598256,closed,-4.753674682658567,-0.2397916606416773,391.73006206930773,100000,1.73077,1.72683,2.293258392582408,0.39648373675196513
104,long,2021-07-14,09:00:00,1.73071,2021-07-15,10:00:00,1.73126,1958.6503103465327,closed,-2.0326999241504025,-0.10378064493762383,389.69736214515734,0,1.72897,1.73752,2.2634067063188317,0.39173006206930655
105,short,2021-07-15,10:00:00,1.73126,2021-07-15,14:00:00,1.73856,1948.4868107257807,closed,-10.856598543798938,-0.5571810126728559,378.8407636013584,100000,1.73874,1.73065,2.250946490678212,0.38969736214515616
106,long,2021-07-15,14:00:00,1.73856,2021-07-16,04:00:00,1.74058,1894.2038180067857,closed,-0.35705027241326676,-0.018849622676242947,378.4837133289451,0,1.73685,1.74286,2.179049118818776,0.37884076360135716
107,long,2021-07-19,04:00:00,1.73762,2021-07-19,20:00:00,1.74413,1892.4185666447192,closed,4.533296615838373,0.23955041953937084,383.01700994478347,0,1.73762,1.75619,2.1781730949744125,0.37848371332894387
108,short,2021-07-21,17:00:00,1.72091,2021-07-23,16:00:00,1.73133,1915.0850497239117,closed,-14.204400067496408,-0.7417111876855906,368.81260987728706,100000,1.73405,1.71536,2.2256655487200514,0.3830170099447823
109,long,2021-07-23,16:00:00,1.73133,2021-07-27,03:00:00,1.734,1844.0630493864296,closed,0.34481347127929074,0.01869857277352961,369.15742334856634,0,1.727,1.73613,2.130227107930238,0.3688126098772859
110,long,2021-07-27,16:00:00,1.73871,2021-07-28,05:00:00,1.74705,1845.7871167428266,closed,6.361286595578998,0.344638151273071,375.5187099441453,0,1.73701,1.75028,2.123168460229511,0.36915742334856533
111,short,2021-07-29,15:00:00,1.73927,2021-07-29,16:00:00,1.74363,1877.5935497207217,closed,-7.241327340130164,-0.38567065492993724,368.27738260401514,100000,1.74363,1.73872,2.159059317668587,0.3755187099441444
112,short,2021-07-29,18:00:00,1.73748,2021-07-30,02:00:00,1.73859,1841.3869130200715,closed,-3.664265422462159,-0.198994866127965,364.613117181553,100000,1.73901,1.73672,2.119606456500301,0.3682773826040143
113,short,2021-07-30,06:00:00,1.73608,2021-07-30,11:00:00,1.73738,1823.0655859077604,closed,-3.8299582818602227,-0.2100834062946325,360.78315889969275,100000,1.73832,1.73551,2.100209190714437,0.3646131171815521
114,short,2021-07-30,16:00:00,1.73463,2021-08-02,03:00:00,1.73442,1803.9157944984595,closed,-2.2222805803397483,-0.1231920351890708,358.560878319353,100000,1.73764,1.73221,2.0798853870836544,0.3607831588996919
115,long,2021-08-04,14:00:00,1.74799,2021-08-04,17:00:00,1.74429,1792.8043915967612,closed,-6.204695599971997,-0.3460888220184347,352.35618271938097,0,1.74345,1.75069,2.051275340930739,0.35856087831935224
116,long,2021-08-05,11:00:00,1.7423,2021-08-05,15:00:00,1.74024,1761.7809135969014,closed,-4.457751642286236,-0.25302531137002526,347.89843107709476,0,1.73936,1.7445,2.0223622953531555,0.3523561827193803
117,long,2021-08-09,09:00:00,1.74447,2021-08-09,10:00:00,1.74026,1739.4921553854704,closed,-6.5401781979655205,-0.3759820461228939,341.3582528791292,0,1.74025,1.74447,1.9942930006081738,0.3478984310770941
118,long,2021-08-09,21:00:00,1.74201,2021-08-10,07:00:00,1.74143,1706.7912643956424,closed,-2.8691976235720635,-0.1681047755179376,338.48905525555716,0,1.74129,1.74343,1.9595654036379153,0.3413582528791285
119,long,2021-08-10,11:00:00,1.74294,2021-08-10,16:00:00,1.73886,1692.445276277782,closed,-6.242345343922224,-0.36883587501577003,332.2467099116349,0,1.73886,1.74374,1.942057989693027,0.33848905525555645
120,short,2021-08-10,16:00:00,1.73886,2021-08-13,06:00:00,1.7295,1661.2335495581715,closed,6.699187059769766,0.4032658178346753,338.9458969714047,100000,1.73942,1.72778,1.9107156982829803,0.3322467099116343
121,short,2021-08-13,11:00:00,1.72741,2021-08-13,14:00:00,1.72963,1694.7294848570198,closed,-4.479108583361324,-0.26429637434078246,334.46678838804337,100000,1.73051,1.7265,1.962162410611285,0.338945896971404
122,long,2021-08-18,04:00:00,1.73648,2021-08-20,16:00:00,1.75236,1672.3339419402134,closed,13.032802120053166,0.7793181608771709,347.49959050809656,0,1.73224,1.76248,1.9261194392566727,0.3344667883880427
123,short,2021-08-23,17:00:00,1.74064,2021-08-24,16:00:00,1.73324,1737.4979525404797,closed,5.042752813043883,0.290230719735274,352.54234332114044,100000,1.74096,1.72948,1.9963897790932987,0.3474995905080959
124,short,2021-08-24,17:00:00,1.72835,2021-08-24,22:00:00,1.72987,1762.7117166056996,closed,-3.9425242581254345,-0.22366245262822726,348.599819063015,100000,1.73073,1.72831,2.039762451593369,0.35254234332113993
125,short,2021-08-26,11:00:00,1.73281,2021-08-26,18:00:00,1.73525,1742.999095315073,closed,-4.814707461100468,-0.2762312082686502,343.78511160191454,100000,1.73589,1.7311,2.011760199115971,0.3485998190630146
126,long,2021-08-26,18:00:00,1.73525,2021-08-27,08:00:00,1.73713,1718.925558009571,closed,-0.4626562062343709,-0.026915430053300476,343.32245539568015,0,1.735,1.73908,1.981184910542655,0.3437851116019142
127,long,2021-08-27,14:00:00,1.74067,2021-08-27,18:00:00,1.73673,1716.6122769783988,closed,-6.201225978321566,-0.3612479102874085,337.12122941735856,0,1.73514,1.74224,1.97235808852729,0.3433224553956798
128,short,2021-08-27,18:00:00,1.73673,2021-08-30,06:00:00,1.73883,1685.6061470867905,closed,-4.316430162329109,-0.25607584368324326,332.8047992550295,100000,1.73923,1.73538,1.941126308737444,0.3371212294173581
129,long,2021-08-31,15:00:00,1.73696,2021-08-31,21:00:00,1.73445,1664.0239962751446,closed,-4.653427164307144,-0.2796490420044222,328.15137209072236,0,1.73411,1.74182,1.9160187871627954,0.3328047992550289
130,short,2021-09-02,09:00:00,1.73586,2021-09-02,16:00:00,1.74155,1640.7568604536084,closed,-7.59683678271612,-0.46300807668821065,320.5545353080062,100000,1.74157,1.7353,1.8904253343629192,0.3281513720907217
131,long,2021-09-02,16:00:00,1.74155,2021-09-02,18:00:00,1.73648,1602.772676540028,closed,-6.827173824526145,-0.4259602078608084,313.7273614834801,0,1.73648,1.74161,1.8406278045878994,0.3205545353080056
132,long,2021-09-08,11:00:00,1.7455,2021-09-08,14:00:00,1.74383,1568.636807417397,closed,-3.611863759777344,-0.23025494127757434,310.11549772370273,0,1.74284,1.74608,1.7973495358549378,0.3137273614834794
133,long,2021-09-08,17:00:00,1.74818,2021-09-08,19:00:00,1.74467,1550.57748861851,closed,-5.197302150292764,-0.3351849351897473,304.91819557340995,0,1.74298,1.74876,1.7739334492083307,0.310115497723702
134,long,2021-09-08,22:00:00,1.74775,2021-09-09,05:00:00,1.74784,1524.5909778670466,closed,-1.9710425083903667,-0.1292833643255531,302.94715306501956,0,1.74714,1.74882,1.7446327882901407,0.3049181955734093
135,long,2021-09-10,20:00:00,1.75261,2021-09-13,08:00:00,1.75201,1514.7357653250947,closed,-2.550060309925442,-0.1683501748820293,300.39709275509415,0,1.75201,1.75808,1.7285485822003694,0.30294715306501896
136,short,2021-09-14,21:00:00,1.75239,2021-09-15,09:00:00,1.75429,1501.985463775468,closed,-3.643113787511594,-0.2425531987742462,296.75397896758255,100000,1.75523,1.75098,1.7142136896187128,0.3003970927550936
137,short,2021-09-16,10:00:00,1.74723,2021-09-16,14:00:00,1.74814,1483.7698948379102,closed,-2.76796291767529,-0.1865493380951544,293.9860160499073,100000,1.74821,1.74562,1.6984253874279978,0.29675397896758204
138,short,2021-09-16,15:00:00,1.74535,2021-09-16,17:00:00,1.74774,1469.9300802495338,closed,-3.9912347353873585,-0.27152548199502186,289.9947813145199,100000,1.74867,1.74367,1.6843957719076792,0.29398601604990676
139,long,2021-09-17,16:00:00,1.748,2021-09-20,10:00:00,1.74961,1449.9739065725976,closed,-0.6135015453666658,-0.04231121281463894,289.38127976915325,0,1.74729,1.75613,1.6590090464217364,0.2899947813145195
140,long,2021-09-20,13:00:00,1.75619,2021-09-20,17:00:00,1.7516,1446.906398845764,closed,-5.718812701422504,-0.39524413645447654,283.66246706773074,0,1.74935,1.75995,1.6477788836581053,0.2893812797691528
141,short,2021-09-20,17:00:00,1.7516,2021-09-21,16:00:00,1.74938,1418.312335338652,closed,-0.10552321508402379,-0.007440054807027247,283.5569438526467,100000,1.75308,1.74325,1.6194477453056086,0.2836624670677304
142,long,2021-09-21,16:00:00,1.74938,2021-09-22,05:00:00,1.74755,1417.7847192632316,closed,-3.387579783246131,-0.23893470829665356,280.1693640694006,0,1.74692,1.75345,1.620899655035763,0.28355694385264635
143,short,2021-09-23,09:00:00,1.737,2021-09-23,16:00:00,1.73869,1400.846820347001,closed,-3.2560615730966838,-0.23243523316062,276.9133024963039,100000,1.73876,1.72884,1.6129497067898688,0.28016936406940024
144,short,2021-09-29,13:00:00,1.71242,2021-09-29,19:00:00,1.713,1384.5665124815173,closed,-2.36295621381616,-0.17066397262354005,274.55034628248774,100000,1.71399,1.70918,1.617087528154912,0.27691330249630347
145,short,2021-09-30,11:00:00,1.70948,2021-09-30,12:00:00,1.71257,1372.7517314124361,closed,-4.3619373369984045,-0.31775136298756435,270.18840894548936,100000,1.71414,1.70941,1.6060459688471769,0.27455034628248726
146,short,2021-09-30,18:00:00,1.70723,2021-10-01,02:00:00,1.70861,1350.9420447274442,closed,-2.944804079463624,-0.21798152562923198,267.24360486602575,100000,1.70977,1.70533,1.5826128227918257,0.27018840894548884
147,short,2021-10-01,21:00:00,1.71301,2021-10-04,12:00:00,1.71407,1336.218024330126,closed,-2.6541690486464278,-0.19863293267406856,264.5894358173793,100000,1.71569,1.70925,1.5600819893989246,0.2672436048660252
148,short,2021-10-05,16:00:00,1.71327,2021-10-06,06:00:00,1.71533,1322.9471790868934,closed,-3.399626847954824,-0.2569737402744431,261.18980896942446,100000,1.71608,1.71046,1.5443534049938343,0.2645894358173787
149,short,2021-10-07,22:00:00,1.70804,2021-10-08,13:00:00,1.70913,1305.9490448471195,closed,-2.62377063177079,-0.2009091121987796,258.56603833765365,100000,1.71008,1.7049,1.529178526085009,0.2611898089694239
150,short,2021-10-08,16:00:00,1.70437,2021-10-11,03:00:00,1.70067,1292.8301916882651,closed,1.0309493402891112,0.07974360027459042,259.59698767794276,100000,1.70479,1.69719,1.5170769160314546,0.258566038337653
151,short,2021-10-12,11:00:00,1.69554,2021-10-12,14:00:00,1.69799,1297.9849383897101,closed,-3.666200769266281,-0.2824532597284678,255.93078690867648,100000,1.698,1.6953,1.5310578793655238,0.25959698767794204
152,short,2021-10-12,17:00:00,1.69453,2021-10-15,10:00:00,1.6934,1279.6539345433791,closed,-0.9129264866322826,-0.07134166996157781,255.0178604220442,100000,1.70151,1.68941,1.5103349418934797,0.2559307869086758
153,short,2021-10-21,16:00:00,1.70191,2021-10-21,17:00:00,1.70376,1275.0893021102172,closed,-3.1394793261424505,-0.2462164274256516,251.87838109590174,100000,1.70408,1.70155,1.4984215406340138,0.25501786042204344
154,long,2021-10-26,09:00:00,1.70676,2021-10-26,19:00:00,1.70519,1259.3919054795049,closed,-2.886126372941223,-0.22916824861140822,248.99225472296052,0,1.70375,1.70887,1.4757691831065936,0.251878381095901
155,long,2021-10-27,04:00:00,1.70692,2021-10-27,08:00:00,1.70499,1244.9612736147988,closed,-3.115381895307254,-0.2502392613596412,245.87687282765327,0,1.70499,1.70723,1.458722463401681,0.24899225472295977
156,short,2021-11-01,10:00:00,1.69221,2021-11-01,14:00:00,1.6945,1229.3843641382625,closed,-3.3625461527355998,-0.27351463470845244,242.51432667491767,100000,1.69478,1.68892,1.4529926712857892,0.24587687282765253
157,short,2021-11-01,18:00:00,1.68827,2021-11-03,02:00:00,1.69085,1212.5716333745845,closed,-3.5320225693467817,-0.2912836216955834,238.98230410557088,100000,1.6944,1.68765,1.43646648151609,0.2425143266749169
158,long,2021-11-03,02:00:00,1.69085,2021-11-04,01:00:00,1.6952,1194.9115205278508,closed,1.4217457754050549,0.11898335156874211,240.40404988097592,0,1.68905,1.69894,1.413385599583465,0.23898230410557017
159,short,2021-11-05,11:00:00,1.67548,2021-11-05,16:00:00,1.67821,1202.020249404876,closed,-3.6337932754670415,-0.30230715973929256,236.77025660550888,100000,1.68006,1.67363,1.4348368818546042,0.24040404988097522
160,long,2021-11-12,10:00:00,1.68742,2021-11-12,17:00:00,1.684,1183.8512830275408,closed,-4.03930546065029,-0.341200412463997,232.73095114485858,0,1.6825,1.68823,1.403149521787748,0.23677025660550818
161,short,2021-11-12,17:00:00,1.684,2021-11-16,06:00:00,1.68005,1163.6547557242893,closed,1.114731503523934,0.09579572446555214,233.8456826483825,100000,1.68636,1.6777,1.3820127740193462,0.23273095114485787
162,long,2021-11-17,12:00:00,1.68977,2021-11-18,06:00:00,1.70178,1169.2284132419086,closed,6.692526792038467,0.572388313202393,240.53820944042099,0,1.68907,1.70385,1.383890604333026,0.23384568264838174
163,long,2021-11-19,17:00:00,1.70159,2021-11-22,01:00:00,1.70003,1202.6910472021013,closed,-2.7567613466470853,-0.2292160861312071,237.7814480937739,0,1.69902,1.70311,1.4136085040486857,0.2405382094404203
164,short,2021-11-24,10:00:00,1.69368,2021-11-24,13:00:00,1.69676,1188.907240468866,closed,-3.80377312396041,-0.3199385952482153,233.97767496981348,100000,1.69728,1.69289,1.4039337306561641,0.2377814480937732
165,short,2021-11-24,16:00:00,1.69321,2021-11-25,04:00:00,1.68859,1169.8883748490641,closed,1.5762570520307528,0.1347356795672166,235.55393202184422,100000,1.69337,1.68684,1.3818585702294033,0.23397767496981284
166,short,2021-11-25,16:00:00,1.68439,2021-11-25,19:00:00,1.68574,1177.769660109218,closed,-2.577961783746109,-0.21888505631118457,232.9759702380981,100000,1.68658,1.68436,1.398452448790622,0.2355539320218436
167,short,2021-11-30,17:00:00,1.69711,2021-12-01,13:00:00,1.69791,1164.8798511904874,closed,-2.154868825346795,-0.1849863591635271,230.82110141275132,100000,1.70183,1.69257,1.372780610791861,0.2329759702380975
168,short,2021-12-06,01:00:00,1.69666,2021-12-06,02:00:00,1.69884,1154.1055070637537,closed,-3.074149181008142,-0.26636639043767457,227.74695223174317,100000,1.69937,1.69651,1.3604440572227243,0.23082110141275075
169,short,2021-12-07,10:00:00,1.68634,2021-12-08,01:00:00,1.67521,1138.7347611587131,closed,5.937467873591575,0.52140920573549,233.68442010533474,100000,1.68687,1.67219,1.350539939939411,0.22774695223174263
170,short,2021-12-08,13:00:00,1.66768,2021-12-08,17:00:00,1.67329,1168.4221005266709,closed,-5.5654580127657,-0.47632255588601485,228.11896209256903,100000,1.67329,1.66491,1.4012545578608255,0.2336844201053342
171,long,2021-12-10,18:00:00,1.6854,2021-12-13,04:00:00,1.68507,1140.5948104628424,closed,-1.8049469604183999,-0.15824611368220848,226.31401513215064,0,1.68477,1.68879,1.3535004277475287,0.2281189620925685
172,long,2021-12-13,12:00:00,1.69014,2021-12-13,21:00:00,1.69154,1131.5700756607503,closed,-0.6280215928454599,-0.05550001775000487,225.68599353930517,0,1.6891,1.69694,1.3390252590445173,0.22631401513215008
173,long,2021-12-14,12:00:00,1.69613,2021-12-15,03:00:00,1.70039,1128.429967696523,closed,1.27788491611639,0.11324450366423282,226.96387845542156,0,1.69573,1.70269,1.3305937253589324,0.2256859935393046
174,long,2021-12-15,10:00:00,1.70764,2021-12-15,17:00:00,1.70668,1134.8193922771047,closed,-2.1940444113196733,-0.19333864280527935,224.76983404410188,0,1.70482,1.70855,1.3291084681514895,0.22696387845542096
175,long,2021-12-16,15:00:00,1.70552,2021-12-17,11:00:00,1.70362,1123.8491702205067,closed,-2.794667439384403,-0.24866926216051488,221.9751666047175,0,1.70017,1.70774,1.3178962078668168,0.22476983404410136
176,long,2021-12-17,16:00:00,1.70547,2021-12-17,17:00:00,1.70095,1109.8758330235846,closed,-4.46502279061092,-0.4022993075222713,217.51014381410656,0,1.70061,1.70571,1.3015483509221324,0.22197516660471694
177,long,2021-12-20,15:00:00,1.7132,2021-12-20,22:00:00,1.70925,1087.5507190705302,closed,-3.9946095942400834,-0.3673032920849941,213.51553421986648,0,1.70843,1.7143,1.2696132606473618,0.21751014381410605
178,long,2021-12-21,10:00:00,1.71333,2021-12-22,02:00:00,1.71246,1067.57767109933,closed,-2.001815462461943,-0.18751005352150057,211.51371875740455,0,1.71052,1.7152,1.2462020405868455,0.21351553421986602
179,long,2021-12-22,12:00:00,1.71858,2021-12-22,18:00:00,1.71416,1057.5685937870203,closed,-4.1622116042866,-0.39356422162483506,207.35150715311795,0,1.71402,1.72157,1.2307470048377387,0.21151371875740407
180,long,2021-12-22,19:00:00,1.71729,2021-12-22,20:00:00,1.71606,1036.757535765587,closed,-2.1573581108851094,-0.20808704412184686,205.19414904223285,0,1.71594,1.71762,1.207434429555389,0.2073515071531174
181,long,2021-12-23,11:00:00,1.71808,2021-12-23,19:00:00,1.71819,1025.9707452111616,closed,-1.3338288508308795,-0.1300065189048208,203.86032019140197,0,1.71672,1.72309,1.194322435755217,0.20519414904223232
182,short,2021-12-27,00:00:00,1.71707,2021-12-27,08:00:00,1.71838,1019.3016009570073,closed,-2.1687704864441546,-0.21277024233140887,201.69154970495782,100000,1.71845,1.71667,1.1872568980379452,0.20386032019140146
183,long,2021-12-27,08:00:00,1.71838,2021-12-27,17:00:00,1.71533,1008.4577485247866,closed,-3.1653617681957273,-0.31388144647865995,198.52618793676208,0,1.71435,1.72348,1.1737307796003056,0.2016915497049573
184,short,2021-12-27,17:00:00,1.71533,2021-12-28,11:00:00,1.72071,992.6309396838082,closed,-4.469200830639008,-0.45023791340441427,194.05698710612307,100000,1.72078,1.71513,1.1573644018163363,0.19852618793676163
185,long,2021-12-28,11:00:00,1.72071,2021-12-29,07:00:00,1.72178,970.2849355306131,closed,-0.7184713219117247,-0.07404745715430686,193.33851578421135,0,1.71889,1.72522,1.1277727630229535,0.19405698710612262
186,long,2021-12-29,13:00:00,1.72377,2021-12-30,18:00:00,1.72504,966.6925789210546,closed,-0.6027235164585955,-0.062349037284563355,192.73579226775277,0,1.7219,1.72917,1.1216027415734753,0.19333851578421093
187,long,2022-01-04,11:00:00,1.72227,2022-01-04,17:00:00,1.71805,963.6789613387617,closed,-3.6730746122709994,-0.3811512712873063,189.06271765548178,0,1.71727,1.72227,1.119080006431932,0.19273579226775236
188,long,2022-01-05,05:00:00,1.72055,2022-01-05,06:00:00,1.71985,945.3135882774069,closed,-1.6725108524663996,-0.1769265641800542,187.3902068030154,0,1.71984,1.72055,1.0988504702303412,0.18906271765548138
189,long,2022-01-05,07:00:00,1.72145,2022-01-06,08:00:00,1.73011,936.9510340150748,closed,3.437515475348953,0.36688315083215395,190.82772227836435,0,1.71966,1.73137,1.0885602649104824,0.18739020680301496
190,long,2022-01-07,10:00:00,1.72373,2022-01-07,17:00:00,1.7204,954.1386113918196,closed,-3.141149871755632,-0.3292131598336199,187.68657240660872,0,1.71862,1.72446,1.107062720254123,0.19082772227836392
191,short,2022-01-07,17:00:00,1.7204,2022-01-10,04:00:00,1.7179,938.4328620330416,closed,0.0850502510161251,0.009063008602647435,187.77162265762485,100000,1.7204,1.71697,1.0909472936910505,0.18768657240660833
192,short,2022-01-10,11:00:00,1.71474,2022-01-10,14:00:00,1.71809,938.8581132881222,closed,-3.1170150683645077,-0.3320006531602438,184.65460758926034,100000,1.71809,1.71384,1.0950442787689356,0.18777162265762445
193,long,2022-01-11,10:00:00,1.72128,2022-01-11,12:00:00,1.71991,923.2730379462998,closed,-1.9922804080859322,-0.21578453244096668,182.66232718117442,0,1.71884,1.7214,1.0727749557844162,0.18465460758925997
194,short,2022-01-12,10:00:00,1.71196,2022-01-12,15:00:00,1.71226,913.3116359058704,closed,-1.409686768513607,-0.15434893338629216,181.2526404126608,100000,1.71288,1.7082,1.0669777750716962,0.1826623271811741
195,short,2022-01-13,14:00:00,1.71243,2022-01-13,22:00:00,1.71535,906.2632020633026,closed,-2.7850466373360265,-0.30731101417284407,178.4675937753248,100000,1.71652,1.71111,1.0584528442777839,0.18125264041266054
196,long,2022-01-13,22:00:00,1.71535,2022-01-14,08:00:00,1.71475,892.3379688766227,closed,-1.531007144933491,-0.17157256536566504,176.9365866303913,0,1.71438,1.71789,1.040415039352462,0.17846759377532453
197,long,2022-01-14,19:00:00,1.71579,2022-01-17,01:00:00,1.715,884.6829331519552,closed,-1.6154957246914703,-0.18260731208363765,175.32109090569983,0,1.715,1.71893,1.0312251885743071,0.17693658663039105
198,short,2022-01-18,09:00:00,1.70587,2022-01-18,10:00:00,1.70681,876.6054545284982,closed,-1.6861161903644701,-0.19234607560950956,173.63497471533537,100000,1.70726,1.70584,1.0277517683393202,0.17532109090569964
199,short,2022-01-18,12:00:00,1.70384,2022-01-18,19:00:00,1.70489,868.1748735766757,closed,-1.727732404291385,-0.19900741853695153,171.907242311044,100000,1.70553,1.6992,1.0190802816892146,0.17363497471533515
200,long,2022-01-24,10:00:00,1.70508,2022-01-24,12:00:00,1.70173,859.5362115552189,closed,-2.868859134199043,-0.3337682689375257,169.03838317684495,0,1.7012,1.70553,1.0082063147244926,0.1719072423110438
201,short,2022-01-24,12:00:00,1.70173,2022-01-24,17:00:00,1.70502,845.1919158842236,closed,-2.796403026820405,-0.3308601246966332,166.24198015002455,100000,1.70552,1.70065,0.9933325684852752,0.16903838317684472
202,long,2022-01-24,17:00:00,1.70502,2022-01-25,01:00:00,1.70314,831.2099007501217,closed,-2.0577707686160682,-0.24756331304030935,164.18420938140846,0,1.703,1.70787,0.9750148394155163,0.16624198015002437
203,short,2022-01-25,01:00:00,1.70314,2022-01-25,18:00:00,1.70566,820.9210469070416,closed,-2.3428442913592313,-0.2853921580140127,161.84136509004924,100000,1.70588,1.69961,0.9640088858309259,0.16418420938140832
204,long,2022-01-26,17:00:00,1.70605,2022-01-27,10:00:00,1.70252,809.2068254502453,closed,-2.784808889336046,-0.3441405586002774,159.0565562007132,0,1.70061,1.70857,0.9486320160021633,0.16184136509004907
205,long,2022-01-27,21:00:00,1.70462,2022-01-28,20:00:00,1.7096,795.2827810035649,closed,1.2312490177046802,0.1548190212481365,160.28780521841787,0,1.70382,1.71468,0.9330909891982553,0.159056556200713
206,long,2022-01-31,12:00:00,1.71228,2022-01-31,13:00:00,1.70804,801.4390260920885,closed,-3.0809430268028835,-0.38442637886327125,157.206862191615,0,1.70804,1.71231,0.9361074428155307,0.1602878052184177
207,long,2022-01-31,15:00:00,1.71268,2022-01-31,17:00:00,1.70626,786.0343109580742,closed,-4.021565001637911,-0.5116271574374588,153.18529718997706,0,1.70614,1.71441,0.9178997955929586,0.15720686219161487
208,short,2022-01-31,17:00:00,1.70626,2022-02-01,05:00:00,1.7092,765.9264859498847,closed,-2.370711840971339,-0.30952211269091123,150.8145853490057,100000,1.71024,1.70426,0.8977840258224242,0.15318529718997695
209,long,2022-02-02,11:00:00,1.71799,2022-02-02,22:00:00,1.71939,754.072926745028,closed,-0.41417104030332186,-0.05492453390298735,150.40041430870238,0,1.71697,1.72319,0.8778548498478199,0.1508145853490056
210,long,2022-02-03,11:00:00,1.72327,2022-02-03,21:00:00,1.72288,752.0020715435112,closed,-1.1933507070597376,-0.1586898164536093,149.20706360164263,0,1.72062,1.73088,0.8727617512560553,0.15040041430870224
211,long,2022-02-04,13:00:00,1.72778,2022-02-04,14:00:00,1.72468,746.0353180082126,closed,-2.35132777448032,-0.3151764692264121,146.8557358271623,0,1.72441,1.72838,0.8635767493641697,0.14920706360164251
212,long,2022-02-04,15:00:00,1.7266,2022-02-04,21:00:00,1.72552,734.2786791358111,closed,-1.4567007096127966,-0.19838526584037824,145.39903511754952,0,1.72542,1.73002,0.8505486842763943,0.14685573582716221
213,long,2022-02-09,10:00:00,1.72289,2022-02-09,16:00:00,1.72067,726.9951755877469,closed,-1.9260812846984119,-0.264937285607329,143.47295383285112,0,1.72039,1.72388,0.8439252367681591,0.14539903511754937
214,long,2022-02-11,22:00:00,1.72722,2022-02-14,04:00:00,1.72554,717.3647691642549,closed,-1.6718841293196962,-0.23305913548939358,141.80106970353143,0,1.72552,1.72945,0.8306582475472203,0.143472953832851
215,long,2022-02-14,13:00:00,1.72647,2022-02-14,14:00:00,1.72523,709.0053485176566,closed,-1.4723642009465543,-0.20766616274826136,140.32870550258488,0,1.72499,1.72684,0.8213352661994203,0.14180106970353132
216,long,2022-02-16,17:00:00,1.72433,2022-02-17,20:00:00,1.72909,701.6435275129237,closed,0.9827371438045305,0.14006216907437077,141.31144264638942,0,1.72268,1.73205,0.8138158328312142,0.14032870550258475
217,long,2022-02-18,18:00:00,1.73215,2022-02-21,06:00:00,1.73348,706.5572132319465,closed,-0.41460955936002464,-0.05868025286494638,140.8968330870294,0,1.73109,1.73532,0.8158152737718403,0.1413114426463893
218,long,2022-02-21,10:00:00,1.73566,2022-02-21,15:00:00,1.7333,704.4841654351467,closed,-1.9105700186747492,-0.2712012721385478,138.98626306835465,0,1.7333,1.7378,0.8117766906365841,0.14089683308702936
219,long,2022-02-22,19:00:00,1.7333,2022-02-23,08:00:00,1.733,694.9313153417728,closed,-1.061124395697475,-0.15269485951652725,137.92513867265717,0,1.73253,1.73628,0.8018592457644641,0.13898626306835457
220,short,2022-02-24,12:00:00,1.72252,2022-02-28,03:00:00,1.70796,689.6256933632856,closed,4.890578860493073,0.7091642477300772,142.81571753315023,100000,1.72269,1.70043,0.8007171973193757,0.13792513867265713
221,short,2022-02-28,17:00:00,1.70192,2022-03-01,04:00:00,1.69979,714.0785876657509,closed,-0.08827131098250066,-0.01236156811129857,142.72744622216774,100000,1.70277,1.69864,0.8391447161626291,0.14281571753315017
222,short,2022-03-01,16:00:00,1.69627,2022-03-01,22:00:00,1.69779,713.6372311108386,closed,-1.6236255659260637,-0.22751413395272957,141.10382065624168,100000,1.69789,1.69083,0.8414193861954036,0.1427274462221677
223,short,2022-03-02,06:00:00,1.69341,2022-03-02,13:00:00,1.6929,705.5191032812081,closed,-0.7618769729873325,-0.1079881422691486,140.34194368325436,100000,1.69432,1.68924,0.8332525534645574,0.14110382065624164
224,short,2022-03-03,09:00:00,1.6886,2022-03-03,19:00:00,1.69054,701.7097184162714,closed,-1.7776369161811758,-0.253329385289579,138.5643067670732,100000,1.69282,1.68595,0.8311141992375594,0.14034194368325428
225,short,2022-03-04,15:00:00,1.68985,2022-03-07,15:00:00,1.67807,692.8215338353652,closed,3.871137501624179,0.5587495931591634,142.43544426869738,100000,1.69212,1.67187,0.8199799199164012,0.13856430676707304
226,long,2022-03-09,21:00:00,1.69137,2022-03-11,16:00:00,1.66345,712.177221343486,closed,-12.740709306638884,-1.7889801758337882,129.6947349620585,0,1.66129,1.69137,0.8421306057734098,0.14243544426869723
227,short,2022-03-11,16:00:00,1.66345,2022-03-14,00:00:00,1.66132,648.4736748102915,closed,-0.07901597832647611,-0.012184916889585676,129.61571898373202,100000,1.66345,1.65709,0.779673179007835,0.1296947349620583
228,long,2022-03-16,16:00:00,1.66758,2022-03-17,14:00:00,1.65969,648.0785949186594,closed,-3.9732078127636465,-0.6130749949027904,125.64251117096838,0,1.65848,1.67244,0.7772683708351735,0.1296157189837319
229,short,2022-03-17,14:00:00,1.65969,2022-03-18,16:00:00,1.65946,628.212555854841,closed,-0.7956087240558798,-0.1266464219221557,124.8469024469125,100000,1.66533,1.65401,0.7570239693615567,0.1256425111709682
230,short,2022-03-21,03:00:00,1.65812,2022-03-21,15:00:00,1.65928,624.2345122345616,closed,-1.3144960585159822,-0.2105772802933473,123.53240638839651,100000,1.66161,1.65567,0.7529425038411716,0.12484690244691234
231,long,2022-03-22,10:00:00,1.6632,2022-03-23,08:00:00,1.67001,617.6620319419817,closed,1.6627556970513109,0.26920153920153816,125.19516208544782,0,1.66085,1.67237,0.7427393361495691,0.12353240638839634
232,short,2022-03-24,10:00:00,1.65487,2022-03-24,12:00:00,1.65834,625.9758104272382,closed,-2.1942928453094512,-0.35053955899858374,123.00086924013837,100000,1.6587,1.6544,0.7565256611422507,0.12519516208544765
233,short,2022-03-24,16:00:00,1.65078,2022-03-25,02:00:00,1.65409,615.0043462006909,closed,-2.101261496534968,-0.34166612146985953,120.8996077436034,100000,1.65518,1.65078,0.7451075809019868,0.12300086924013817
234,short,2022-03-25,12:00:00,1.65267,2022-03-25,13:00:00,1.65332,604.498038718016,closed,-1.0901916034854222,-0.18034659066842246,119.80941614011797,100000,1.65339,1.65198,0.7315411288618006,0.12089960774360321
235,short,2022-03-25,15:00:00,1.65086,2022-03-28,10:00:00,1.64239,599.0470807005888,closed,2.2279575732670978,0.3719169402614381,122.03737371338508,100000,1.65408,1.64138,0.725739409399451,0.11980941614011777
236,short,2022-03-28,12:00:00,1.63947,2022-03-28,13:00:00,1.64199,610.1868685669242,closed,-1.8043155769879462,-0.2956988538979108,120.23305813639713,100000,1.6423,1.63922,0.7443708864046603,0.12203737371338484
237,short,2022-03-28,14:00:00,1.63888,2022-03-28,16:00:00,1.64363,601.1652906819845,closed,-2.5962323455176666,-0.4318666406326292,117.63682579087947,100000,1.64405,1.63696,0.7336294184833356,0.12023305813639691
238,short,2022-03-29,10:00:00,1.637,2022-03-29,15:00:00,1.64477,588.1841289543962,closed,-3.6280576809432823,-0.6168234575442917,114.00876810993618,100000,1.64624,1.63186,0.7186122528459331,0.11763682579087925
239,long,2022-03-29,15:00:00,1.64477,2022-03-29,21:00:00,1.63621,570.0438405496798,closed,-3.7738900622754956,-0.6620350565732669,110.23487804766069,0,1.63392,1.64554,0.6931593360161965,0.11400876810993596
240,short,2022-03-29,21:00:00,1.63621,2022-03-30,05:00:00,1.63743,551.1743902383023,closed,-1.1949254352300107,-0.21679625475947462,109.03995261243068,100000,1.63835,1.63503,0.673720842970404,0.11023487804766047
241,long,2022-04-01,01:00:00,1.64494,2022-04-01,04:00:00,1.64201,545.1997630621522,closed,-1.7430416985098276,-0.3197069801938125,107.29691091392085,0,1.64178,1.64494,0.6628810328184034,0.10903995261243045
242,short,2022-04-05,10:00:00,1.63533,2022-04-07,20:00:00,1.64553,536.484554569603,closed,-4.109615443411429,-0.7660267958149113,103.18729547050943,100000,1.64704,1.62966,0.6561177922127069,0.1072969109139206
243,long,2022-04-07,20:00:00,1.64553,2022-04-07,21:00:00,1.64438,515.9364773525459,closed,-1.0908325548462188,-0.21142768591274447,102.09646291566321,0,1.64432,1.64574,0.6270763551591839,0.10318729547050919
244,long,2022-04-13,11:00:00,1.64467,2022-04-14,09:00:00,1.64889,510.4823145783149,closed,0.5869601492702485,0.11498148564757006,102.68342306493346,0,1.64312,1.6496,0.620771722690041,0.10209646291566299
245,short,2022-04-15,04:00:00,1.64723,2022-04-19,11:00:00,1.64131,513.417115324666,closed,1.119122330881178,0.2179752675704016,103.80254539581465,100000,1.6492,1.63436,0.6233702826255787,0.10268342306493321
246,long,2022-04-19,11:00:00,1.64131,2022-04-20,09:00:00,1.6385,519.0127269790719,closed,-1.624813942858405,-0.31305859344060405,102.17773145295624,0,1.63839,1.64406,0.6324371715021194,0.10380254539581438
247,short,2022-04-20,09:00:00,1.6385,2022-04-21,09:00:00,1.6325,510.8886572647799,closed,1.1450329057512687,0.22412572474824563,103.3227643587075,100000,1.63883,1.62753,0.6236053186021115,0.10217773145295599
248,short,2022-04-22,09:00:00,1.63688,2022-04-25,19:00:00,1.62473,516.6138217935363,closed,3.1001071090616614,0.6000821074238725,106.42287146776917,100000,1.63688,1.62126,0.6312177090483558,0.10332276435870727
249,short,2022-04-25,21:00:00,1.62092,2022-04-26,10:00:00,1.62039,532.1143573388446,closed,-0.5889933285465541,-0.110689238210404,105.83387813922262,100000,1.62386,1.61888,0.6565584450051138,0.10642287146776892
250,short,2022-04-26,14:00:00,1.61763,2022-04-26,15:00:00,1.62038,529.1693906961118,closed,-1.6596840205120438,-0.3136394601979458,104.17419411871057,100000,1.62101,1.61759,0.6542526915253943,0.10583387813922236
251,short,2022-04-26,18:00:00,1.61464,2022-04-27,08:00:00,1.61101,520.8709705935516,closed,0.4216517993333909,0.080951295644851,104.59584591804396,100000,1.61542,1.60884,0.6451852680393793,0.10417419411871033
252,short,2022-04-27,20:00:00,1.6078,2022-04-27,21:00:00,1.60943,522.9792295902187,closed,-1.285348802388068,-0.24577435004353906,103.31049711565589,100000,1.60967,1.60762,0.6505525930964283,0.10459584591804374
253,short,2022-04-28,13:00:00,1.60356,2022-04-29,02:00:00,1.59624,516.5524855782783,closed,1.6104134815795206,0.3117618299284089,104.9209105972354,100000,1.60451,1.59314,0.6442571348478113,0.10331049711565565
254,long,2022-05-03,10:00:00,1.61221,2022-05-03,18:00:00,1.60599,524.604552986176,closed,-2.779665159514132,-0.5298591374572724,102.14124543772127,0,1.60599,1.61531,0.6507893549676234,0.10492091059723521
255,short,2022-05-03,18:00:00,1.60599,2022-05-04,10:00:00,1.60474,510.70622718860534,closed,-0.3406419025971477,-0.0667001662525935,101.80060353512413,100000,1.60662,1.60041,0.6360017524251151,0.10214124543772107
256,short,2022-05-05,06:00:00,1.60022,2022-05-09,13:00:00,1.59759,509.00301767561956,closed,0.09859178072178727,0.01936958668182561,101.89919531584592,100000,1.60271,1.57816,0.6361662992283806,0.10180060353512392
257,long,2022-05-09,13:00:00,1.59759,2022-05-10,09:00:00,1.60618,509.4959765792285,closed,1.999752971796525,0.3924963225858872,103.89894828764244,0,1.59294,1.60928,0.6378307032207619,0.10189919531584571
258,short,2022-05-13,07:00:00,1.58876,2022-05-13,08:00:00,1.58925,519.4947414382111,closed,-0.9180822775388813,-0.1767260001510676,102.98086601010355,100000,1.58925,1.58814,0.6539625134547838,0.10389894828764223
259,short,2022-05-13,11:00:00,1.58757,2022-05-16,13:00:00,1.58537,514.9043300505167,closed,-0.03811388942948454,-0.007402130299767577,102.94275212067407,100000,1.58844,1.57805,0.6486697658062532,0.10298086601010334
260,short,2022-05-16,16:00:00,1.58164,2022-05-19,10:00:00,1.58959,514.7137606033692,closed,-3.3409753752230156,-0.6490938519511472,99.60177674545106,100000,1.60308,1.57989,0.6508608287642816,0.10294275212067384
261,long,2022-05-20,17:00:00,1.59932,2022-05-23,15:00:00,1.60796,498.0088837272541,closed,1.96801382735439,0.395176449991245,101.56979057280545,0,1.59879,1.61113,0.6227757843674238,0.09960177674545083
262,long,2022-05-23,16:00:00,1.60943,2022-05-23,17:00:00,1.60699,507.84895286402616,closed,-1.5025933521544057,-0.2958740672163436,100.06719722065104,0,1.60525,1.60988,0.6310916944061267,0.10156979057280524
263,long,2022-05-24,09:00:00,1.6105,2022-05-24,10:00:00,1.60855,500.33598610325413,closed,-1.327218482602776,-0.26526544551382286,98.73997873804826,0,1.60852,1.61128,0.6213424229782727,0.10006719722065083
264,long,2022-05-24,18:00:00,1.61087,2022-05-25,06:00:00,1.60627,493.6998936902401,closed,-2.1215098474149454,-0.4297164886055322,96.61846889063332,0,1.60496,1.611,0.6129605662657323,0.09873997873804803
265,short,2022-05-25,06:00:00,1.60627,2022-05-25,07:00:00,1.60777,483.0923444531655,closed,-1.1492579414487953,-0.2378961195813801,95.46921094918453,100000,1.60795,1.60616,0.601508270033264,0.0966184688906331
266,long,2022-05-25,07:00:00,1.60777,2022-05-25,12:00:00,1.60485,477.34605474592144,closed,-1.5562145845721802,-0.3260139199014668,93.91299636461235,0,1.60485,1.61055,0.5937989323670941,0.09546921094918429
267,short,2022-05-31,03:00:00,1.59908,2022-05-31,20:00:00,1.59513,469.56498182306063,closed,0.47869857688689776,0.10194511844311227,94.39169494149925,100000,1.60029,1.58953,0.5872939212835638,0.09391299636461213
268,short,2022-06-01,14:00:00,1.58971,2022-06-02,02:00:00,1.58165,471.958474707495,closed,1.7047215752319285,0.36120160280805663,96.09641651673118,100000,1.59024,1.57776,0.5937667558328186,0.094391694941499
269,short,2022-06-02,19:00:00,1.58185,2022-06-03,03:00:00,1.58166,480.48208258365463,closed,-0.6458783613765198,-0.13442298574454517,95.45053815535466,100000,1.58216,1.58047,0.6074938617234942,0.09609641651673093
270,short,2022-06-03,09:00:00,1.57998,2022-06-03,10:00:00,1.58039,477.2526907767721,closed,-0.8234211357401536,-0.17253357637438585,94.62711701961452,100000,1.58123,1.57923,0.6041249772487907,0.09545053815535443
271,short,2022-06-03,11:00:00,1.57979,2022-06-03,12:00:00,1.58003,473.1355850980714,closed,-0.7654907828357597,-0.16179099753764853,93.86162623677876,100000,1.58033,1.57906,0.598985415907268,0.09462711701961428
272,short,2022-06-03,15:00:00,1.57611,2022-06-06,06:00:00,1.57262,469.30813118389267,closed,0.34980608443315997,0.07453654884494058,94.21143232121192,100000,1.57886,1.57149,0.5955271284160277,0.09386162623677854
273,short,2022-06-07,04:00:00,1.57486,2022-06-07,16:00:00,1.57497,471.0571616060585,closed,-0.7253345867532306,-0.15398016331610778,93.48609773445868,100000,1.5773,1.56877,0.5982209994616138,0.09421143232121171
274,long,2022-06-07,16:00:00,1.57497,2022-06-08,04:00:00,1.57658,467.4304886722925,closed,-0.20923299487036712,-0.04476237642621057,93.27686473958832,0,1.57405,1.58104,0.5935738314663676,0.0934860977344585
275,long,2022-06-08,21:00:00,1.5746,2022-06-09,10:00:00,1.57209,466.3843236979406,closed,-1.4291039318535967,-0.3064219484313484,91.84776080773472,0,1.57209,1.5756,0.5923845086980066,0.09327686473958813
276,short,2022-06-13,11:00:00,1.56982,2022-06-15,02:00:00,1.55542,459.2388040386726,closed,3.535677159297453,0.7698994789211483,95.38343796703217,100000,1.5731,1.54879,0.5850846645330964,0.09184776080773452
277,long,2022-06-16,13:00:00,1.57448,2022-06-17,05:00:00,1.59445,476.91718983515983,closed,5.347811713027415,1.121329200751983,100.73124968005958,0,1.55862,1.60201,0.6058091431268227,0.09538343796703197
278,short,2022-06-21,16:00:00,1.58817,2022-06-22,05:00:00,1.58791,503.6562484002968,closed,-0.6525373360665554,-0.12956005969133347,100.07871234399302,100000,1.58887,1.58471,0.6342598694098199,0.10073124968005936
279,short,2022-06-22,10:00:00,1.58328,2022-06-22,11:00:00,1.5866,500.39356171996417,closed,-1.781457715647391,-0.35601131827598337,98.29725462834563,100000,1.58709,1.58253,0.6320973696629328,0.10007871234399283
280,short,2022-06-22,21:00:00,1.58592,2022-06-23,05:00:00,1.58892,491.4862731417273,closed,-1.647827726347406,-0.33527441485069326,96.64942690199823,100000,1.58958,1.58588,0.61981218868761,0.09829725462834546
281,long,2022-06-23,16:00:00,1.59151,2022-06-24,10:00:00,1.59238,483.24713450999013,closed,-0.439763363978312,-0.09100175305213752,96.20966353801991,0,1.58703,1.59619,0.6072813045598082,0.09664942690199803
282,short,2022-06-27,22:00:00,1.57992,2022-06-29,22:00:00,1.56317,481.0483176900985,closed,4.394816898521435,0.9135915742569272,100.60448043654135,100000,1.58096,1.5592,0.6089527541775513,0.0962096635380197
283,long,2022-07-01,09:00:00,1.5669,2022-07-01,10:00:00,1.56555,503.02240218270555,closed,-1.1760560391269774,-0.23379794498691445,99.42842439741437,0,1.56374,1.5669,0.642060632053999,0.10060448043654112
284,short,2022-07-01,10:00:00,1.56555,2022-07-01,22:00:00,1.55934,497.1421219870706,closed,1.2374616995625944,0.2489150777681996,100.66588609697698,100000,1.56585,1.55035,0.6351021966555788,0.09942842439741413
285,short,2022-07-04,20:00:00,1.55671,2022-07-05,06:00:00,1.55799,503.32943048488346,closed,-1.161184885776038,-0.2307007727836237,99.50470121120094,100000,1.55968,1.55587,0.6466579266335842,0.1006658860969767
286,short,2022-07-06,08:00:00,1.55737,2022-07-06,11:00:00,1.55912,497.52350605600327,closed,-1.2974943553782143,-0.2607905635783494,98.20720685582272,100000,1.56084,1.55611,0.6389278155557168,0.09950470121120066
287,long,2022-07-06,11:00:00,1.55912,2022-07-06,12:00:00,1.55661,491.03603427911224,closed,-1.5186062233515394,-0.30926573964800735,96.68860063247118,0,1.55578,1.55952,0.629888699111181,0.09820720685582246
288,short,2022-07-06,12:00:00,1.55661,2022-07-06,21:00:00,1.55531,483.4430031623546,closed,-0.3140905845678241,-0.06496951709162355,96.37451004790336,100000,1.55817,1.54758,0.6211485255296505,0.09668860063247092
289,long,2022-07-08,21:00:00,1.55856,2022-07-11,01:00:00,1.55757,481.87255023951536,closed,-1.0208168961069404,-0.21184375320809248,95.35369315179642,0,1.5567,1.55945,0.6183561110762696,0.09637451004790308
290,short,2022-07-12,11:00:00,1.54232,2022-07-12,13:00:00,1.54532,476.76846575898054,closed,-1.6409747891597304,-0.3441869391566027,93.71271836263669,100000,1.54532,1.54111,0.6182484384031597,0.0953536931517961
291,short,2022-07-13,15:00:00,1.54415,2022-07-14,10:00:00,1.54473,468.563591813182,closed,-0.876599139291964,-0.18708221351552795,92.83611922334472,100000,1.55084,1.5391,0.6068886983948217,0.0937127183626364
292,long,2022-07-14,10:00:00,1.54473,2022-07-15,06:00:00,1.55075,464.1805961167222,closed,1.1151458558721652,0.240239653531694,93.9512650792169,0,1.54443,1.55754,0.6009860572614272,0.09283611922334445
293,long,2022-07-19,10:00:00,1.55539,2022-07-19,17:00:00,1.55081,469.7563253960831,closed,-2.081232024956958,-0.4430450240775643,91.87003305425993,0,1.55073,1.55776,0.60403670513001,0.09395126507921663
294,long,2022-07-20,07:00:00,1.54763,2022-07-20,10:00:00,1.54431,459.35016527129847,closed,-1.6708927188663096,-0.3637514134515349,90.19914033539362,0,1.54402,1.54826,0.5936175510571629,0.0918700330542597
295,short,2022-07-20,10:00:00,1.54431,2022-07-20,12:00:00,1.5462,450.995701676967,closed,-1.2262231766515332,-0.27189243092383963,88.97291715874209,100000,1.5475,1.54431,0.5840740546612623,0.0901991403353934
296,short,2022-07-21,19:00:00,1.53956,2022-07-21,21:00:00,1.54286,444.8645857937092,closed,-1.6204379491851624,-0.36425420249940627,87.35247920955693,100000,1.54292,1.53956,0.577911332840174,0.08897291715874184
297,long,2022-07-22,16:00:00,1.54596,2022-07-25,08:00:00,1.5487,436.76239604778345,closed,0.12171125664088212,0.027866697715333177,87.47419046619781,0,1.54414,1.55346,0.5650371239201317,0.08735247920955669
298,long,2022-07-26,17:00:00,1.55097,2022-07-27,09:00:00,1.54929,437.37095233098785,closed,-1.1252280506814132,-0.25727086919797953,86.3489624155164,0,1.54868,1.55196,0.563996663160458,0.08747419046619757
299,long,2022-07-27,12:00:00,1.5521,2022-07-27,15:00:00,1.55005,431.7448120775808,closed,-1.2129300389661564,-0.2809367953095875,85.13603237655025,0,1.54871,1.55255,0.5563363340990668,0.08634896241551616
300,long,2022-07-27,20:00:00,1.55375,2022-07-28,10:00:00,1.56025,425.6801618827501,closed,1.1477268660770974,0.2696218825422334,86.28375924262734,0,1.553,1.56284,0.5479390659794049,0.08513603237655003
301,long,2022-07-29,06:00:00,1.56111,2022-07-29,12:00:00,1.55966,431.41879621313564,closed,-1.039704624482935,-0.24099659857408842,85.2440546181444,0,1.55816,1.5667,0.5527077479654037,0.08628375924262713
302,long,2022-07-29,13:00:00,1.56254,2022-07-29,14:00:00,1.5613,426.2202730907211,closed,-0.969031787933126,-0.2273546917199003,84.27502283021127,0,1.56004,1.5627,0.5455479835277447,0.08524405461814422
303,long,2022-08-03,10:00:00,1.56851,2022-08-03,15:00:00,1.56297,421.37511415105536,closed,-2.109871519313497,-0.5007109932356247,82.16515131089777,0,1.56295,1.57099,0.5372935003934375,0.08427502283021107
304,short,2022-08-03,15:00:00,1.56297,2022-08-04,03:00:00,1.56153,410.8257565544878,closed,-0.22936082600110919,-0.05582922256985829,81.93579048489666,100000,1.56401,1.5582,0.52569883817922,0.08216515131089756
305,long,2022-08-04,19:00:00,1.56327,2022-08-05,08:00:00,1.56286,409.67895242448236,closed,-0.713513365275567,-0.17416402796701927,81.22227711962108,0,1.56197,1.56529,0.5241307674611326,0.08193579048489648
306,short,2022-08-08,09:00:00,1.56001,2022-08-08,10:00:00,1.56243,406.11138559810456,closed,-1.231863827073569,-0.3033315171056653,79.99041329254752,100000,1.56266,1.55965,0.5206522850470249,0.08122227711962092
307,short,2022-08-08,11:00:00,1.56019,2022-08-08,14:00:00,1.56113,399.9520664627366,closed,-0.8336544384436007,-0.20843858760791578,79.15675885410391,100000,1.56273,1.55838,0.5126966157490263,0.07999041329254732
308,short,2022-08-08,15:00:00,1.5579,2022-08-09,05:00:00,1.55386,395.78379427051857,closed,0.4391043235721593,0.11094550356249076,79.59586317767607,100000,1.55932,1.55206,0.5080991004178941,0.07915675885410371
309,long,2022-08-10,05:00:00,1.55722,2022-08-10,12:00:00,1.55632,397.9793158883794,closed,-0.8207499814630492,-0.20622930607108325,78.77511319621301,0,1.55589,1.55762,0.5111407712312703,0.07959586317767589
310,long,2022-08-10,13:00:00,1.5573,2022-08-15,22:00:00,1.55597,393.87556598106414,closed,-0.9210056626837086,-0.2338316316701876,77.8541075335293,0,1.54791,1.57147,0.5058441738663895,0.07877511319621283
311,short,2022-08-19,13:00:00,1.53817,2022-08-19,22:00:00,1.53734,389.2705376676457,closed,-0.3739504616888588,-0.09606441420648511,77.48015707184044,100000,1.53924,1.53401,0.5061476139407812,0.07785410753352914
312,short,2022-08-23,07:00:00,1.5335,2022-08-23,16:00:00,1.53714,387.40078535920134,closed,-1.5022864364496316,-0.3877861102054036,75.9778706353908,100000,1.53816,1.53011,0.5052504536800799,0.07748015707184028
313,long,2022-08-23,16:00:00,1.53714,2022-08-24,05:00:00,1.53224,379.8893531769531,closed,-1.7812464453396728,-0.4688855927241439,74.19662419005112,0,1.53208,1.53795,0.4942807462911031,0.07597787063539062
314,long,2022-08-24,06:00:00,1.53292,2022-08-24,13:00:00,1.53054,370.9831209502548,closed,-1.134203715076812,-0.30572919656603403,73.06242047497432,0,1.53011,1.53554,0.4840215026880134,0.07419662419005096
315,short,2022-08-24,13:00:00,1.53054,2022-08-24,17:00:00,1.53362,365.31210237487073,closed,-1.2855661642937133,-0.351908999438105,71.7768543106806,100000,1.53405,1.52998,0.4773636786687976,0.07306242047497415
316,long,2022-08-24,17:00:00,1.53362,2022-08-24,18:00:00,1.53056,358.88427155340224,closed,-1.2558735758324642,-0.34993831588007873,70.52098073484814,0,1.53,1.53421,0.4680224195738218,0.07177685431068045
317,long,2022-08-25,03:00:00,1.53084,2022-08-25,11:00:00,1.5281,352.60490367423984,closed,-1.1623053889132888,-0.3296339264717387,69.35867534593486,0,1.52803,1.53258,0.4606685266575734,0.07052098073484797
318,short,2022-08-25,11:00:00,1.5281,2022-08-25,19:00:00,1.53006,346.79337672967335,closed,-0.9680575640636188,-0.27914534389110407,68.39061778187124,100000,1.53046,1.52721,0.45388832763519843,0.06935867534593468
319,long,2022-08-25,19:00:00,1.53006,2022-08-26,09:00:00,1.52659,341.95308890935536,closed,-1.2908808445273598,-0.3775023201704563,67.09973693734388,0,1.52615,1.53206,0.44697997321589394,0.06839061778187107
320,short,2022-08-26,09:00:00,1.52659,2022-08-26,15:00:00,1.53104,335.4986846867186,closed,-1.484616238571284,-0.4425103007356307,65.6151206987726,100000,1.53144,1.52581,0.4395400005066437,0.06709973693734372
321,long,2022-08-26,15:00:00,1.53104,2022-08-29,18:00:00,1.52323,328.0756034938622,closed,-2.1677298076271003,-0.6607409342668953,63.4473908911455,0,1.5219,1.5366,0.4285656854084312,0.06561512069877244
322,short,2022-08-29,18:00:00,1.52323,2022-09-01,05:00:00,1.5252,317.23695445572673,closed,-0.8902632421999913,-0.28063037098795357,62.55712764894551,100000,1.52856,1.52138,0.41653191501707126,0.06344739089114534
323,short,2022-09-01,14:00:00,1.52194,2022-09-02,05:00:00,1.51947,312.78563824472684,closed,0.03403620058673597,0.01088163790950839,62.59116384953224,100000,1.52434,1.51742,0.4110354393007961,0.06255712764894537
324,short,2022-09-02,15:00:00,1.51504,2022-09-05,09:00:00,1.50919,312.95581924766054,closed,0.7326881054129726,0.23411870313654495,63.32385195494522,100000,1.51717,1.50593,0.41313208792858347,0.06259116384953212
325,short,2022-09-09,14:00:00,1.50457,2022-09-09,16:00:00,1.51148,316.6192597747254,closed,-1.938329737086773,-0.6121957768664783,61.385522217858444,100000,1.51159,1.50284,0.4208767418926675,0.06332385195494508
326,long,2022-09-13,10:00:00,1.52113,2022-09-13,12:00:00,1.51873,306.9276110892915,closed,-0.9492001658005486,-0.3092586432454938,60.436322052057896,0,1.51807,1.52168,0.4035521107193882,0.0613855222178583
327,long,2022-09-13,14:00:00,1.5216,2022-09-13,15:00:00,1.51068,302.18161026028866,closed,-2.6262791221065673,-0.8691062039957965,57.81004292995133,0,1.51022,1.52211,0.39718928793413333,0.060436322052057734
328,short,2022-09-13,15:00:00,1.51068,2022-09-14,05:00:00,1.51535,289.05021464975573,closed,-1.3340332879016572,-0.46152302274472107,56.476009642049675,100000,1.51575,1.50975,0.38267563567367774,0.05781004292995115
329,short,2022-09-16,09:00:00,1.51518,2022-09-16,17:00:00,1.5182,282.3800482102474,closed,-0.9920399967692874,-0.35131377130110103,55.48396964528039,100000,1.51943,1.5085,0.37273465622598956,0.05647600964204949
330,long,2022-09-16,17:00:00,1.5182,2022-09-19,06:00:00,1.51464,277.4198482264011,closed,-1.0714597015243423,-0.38622315900408427,54.41250994375605,0,1.51327,1.5182,0.3654588963593744,0.05548396964528022
331,long,2022-09-29,09:00:00,1.48213,2022-09-30,06:00:00,1.51994,272.0625497187794,closed,6.518937942060807,2.396117344632396,60.93144788581686,0,1.47867,1.53113,0.36712373370592244,0.054412509943755884
332,long,2022-09-30,20:00:00,1.5394,2022-10-03,02:00:00,1.53503,304.6572394290834,closed,-1.3215957425222493,-0.4337975834740943,59.60985214329461,0,1.5349,1.548,0.39581296534894556,0.060931447885816684
333,long,2022-10-04,11:00:00,1.54944,2022-10-04,14:00:00,1.54544,298.0492607164722,closed,-1.2137659112993988,-0.4072366790582407,58.39608623199521,0,1.54443,1.55024,0.38471868638536794,0.059609852143294444
334,long,2022-10-04,15:00:00,1.5535,2022-10-04,22:00:00,1.55055,291.9804311599752,closed,-0.9887489244951939,-0.33863533955584213,57.40733730750002,0,1.54811,1.55497,0.37590013667199895,0.05839608623199504
335,short,2022-10-07,03:00:00,1.53262,2022-10-07,04:00:00,1.53365,287.0366865374993,closed,-0.6248807881358747,-0.2177006694418619,56.782456519364146,100000,1.53394,1.53184,0.37456993454019816,0.05740733730749986
336,short,2022-10-07,16:00:00,1.52311,2022-10-10,04:00:00,1.52403,283.91228259682,closed,-0.6010792342850693,-0.2117130082528532,56.18137728507908,100000,1.5255,1.51938,0.37280601216828724,0.056782456519364
337,short,2022-10-11,21:00:00,1.52182,2022-10-12,10:00:00,1.51583,280.90688642539465,closed,0.6803173392762147,0.2421860666833095,56.861694624355295,100000,1.52182,1.51053,0.36917228900316024,0.05618137728507893
338,long,2022-10-12,10:00:00,1.51583,2022-10-13,06:00:00,1.53143,284.30847312177576,closed,2.4939489071292495,0.8771982346305363,59.355643531484546,0,1.5151,1.53542,0.3751192061402344,0.056861694624355155
339,long,2022-10-13,13:00:00,1.5401,2022-10-14,02:00:00,1.55575,296.7782176574219,closed,2.5710077556138904,0.8663060840205143,61.92665128709844,0,1.5401,1.56314,0.38540123064401266,0.059355643531484384
340,long,2022-10-17,01:00:00,1.55867,2022-10-17,05:00:00,1.55288,309.6332564354914,closed,-1.6094274485260687,-0.5197850731713552,60.31722383857237,0,1.5526,1.55867,0.3973044408829212,0.061926651287098275
341,long,2022-10-17,08:00:00,1.55976,2022-10-17,10:00:00,1.5553,301.586119192861,closed,-1.3093852407039372,-0.43416628199210977,59.00783859786843,0,1.55497,1.5619,0.3867083643545943,0.06031722383857221
342,long,2022-10-17,11:00:00,1.5581,2022-10-17,21:00:00,1.55895,295.03919298934136,closed,-0.2767699026102792,-0.09380784288556464,58.73106869525815,0,1.55526,1.57088,0.37871663306506814,0.059007838597868276
343,long,2022-10-18,18:00:00,1.55916,2022-10-19,09:00:00,1.5521,293.65534347628994,closed,-1.7651097674145724,-0.6010821211421576,56.96595892784358,0,1.55166,1.56065,0.37668403945238454,0.058731068695257994
344,short,2022-10-19,09:00:00,1.5521,2022-10-20,04:00:00,1.54552,284.8297946392171,closed,0.783521419106834,0.27508407963404613,57.74948034695041,100000,1.55372,1.5429,0.3670250559103371,0.05696595892784342
345,short,2022-10-20,11:00:00,1.53965,2022-10-20,14:00:00,1.544,288.7474017347513,closed,-1.2486344223894228,-0.4324313967460187,56.50084592456099,100000,1.54437,1.53696,0.37508187150943567,0.05774948034695026
346,short,2022-10-21,07:00:00,1.54308,2022-10-25,11:00:00,1.55316,282.50422962280425,closed,-2.2680848816475954,-0.8028498846462975,54.232761042913395,100000,1.55775,1.53199,0.36615629730513555,0.05650084592456085
347,long,2022-10-26,11:00:00,1.56847,2022-10-27,04:00:00,1.57722,271.1638052145663,closed,1.1127361227727366,0.410355696953084,55.34549716568613,0,1.5644,1.57986,0.3457685581675981,0.05423276104291327
348,long,2022-10-28,12:00:00,1.56967,2022-10-31,05:00:00,1.57983,276.72748582842996,closed,1.383234767705297,0.4998544917084592,56.72873193339143,0,1.56838,1.58131,0.35259320217425316,0.05534549716568599
349,short,2022-11-04,14:00:00,1.52355,2022-11-04,17:00:00,1.52569,283.6436596669564,closed,-0.827484369110516,-0.29173377965935027,55.901247564280915,100000,1.52908,1.52355,0.37234571844305264,0.056728731933391285
350,long,2022-11-11,11:00:00,1.56364,2022-11-11,12:00:00,1.56033,279.50623782140383,closed,-1.005082723371777,-0.3595922335064289,54.89616484090914,0,1.5602,1.56521,0.35750714719680216,0.05590124756428077
351,long,2022-11-11,14:00:00,1.56614,2022-11-11,15:00:00,1.56289,274.480824204545,closed,-0.9750082410754188,-0.35521907364604677,53.921156599833715,0,1.56266,1.5664,0.350518886184562,0.054896164840909006
352,long,2022-11-11,20:00:00,1.56908,2022-11-14,15:00:00,1.56199,269.6057829991679,closed,-1.615802365628339,-0.5993203660743901,52.305354234205375,0,1.5596,1.571,0.3436482308093506,0.05392115659983358
353,long,2022-11-14,21:00:00,1.56571,2022-11-15,21:00:00,1.57736,261.52677117102627,closed,1.5595725425668914,0.5963338038334148,53.864926776772265,0,1.5639,1.58958,0.33406795788623217,0.05230535423420526
354,long,2022-11-18,02:00:00,1.58315,2022-11-18,22:00:00,1.59079,269.32463388386066,closed,0.9056088660444632,0.33625177652148364,54.770535642816725,0,1.58271,1.59751,0.3402389336245594,0.05386492677677213
355,long,2022-11-21,17:00:00,1.59031,2022-11-22,09:00:00,1.59059,273.8526782140831,closed,-0.35095593756332716,-0.1281550138023368,54.4195797052534,0,1.58577,1.59318,0.34440163014014014,0.05477053564281662
356,long,2022-11-22,15:00:00,1.59228,2022-11-22,19:00:00,1.59075,272.0978985262664,closed,-0.6576461364651627,-0.24169467681562345,53.76193356878824,0,1.58941,1.59353,0.3417714202605904,0.05441957970525329
357,long,2022-11-25,17:00:00,1.61759,2022-11-28,01:00:00,1.61674,268.8096678439406,closed,-0.527372399357545,-0.1961880328142494,53.23456116943069,0,1.61588,1.62061,0.33235822160614314,0.05376193356878812
358,long,2022-11-28,03:00:00,1.62106,2022-11-28,16:00:00,1.6202,266.17280584715286,closed,-0.5228373054989558,-0.1964277694841561,52.71172386393174,0,1.61894,1.62948,0.32839352750318046,0.05323456116943057
359,long,2022-11-29,10:00:00,1.61694,2022-11-30,01:00:00,1.62307,263.5586193196581,closed,0.6204716334592713,0.23542073298947203,53.33219549739101,0,1.61224,1.63672,0.32599678320736464,0.052711723863931616
360,long,2022-11-30,02:00:00,1.62693,2022-11-30,05:00:00,1.62534,266.6609774869544,closed,-0.6417489738333739,-0.24066099955130094,52.69044652355764,0,1.62527,1.62766,0.32780879015932385,0.05333219549739088
361,long,2022-12-02,20:00:00,1.65456,2022-12-05,02:00:00,1.65315,263.45223261778744,closed,-0.5956578295297285,-0.22609708925636623,52.09478869402791,0,1.6525,1.65593,0.3184559431121113,0.05269044652355749
362,long,2022-12-05,20:00:00,1.65496,2022-12-06,08:00:00,1.65616,260.4739434701388,closed,-0.1780066867314955,-0.06833953690723099,51.91678200729642,0,1.65402,1.65943,0.31477974509370477,0.05209478869402776
363,long,2022-12-06,13:00:00,1.66313,2022-12-06,20:00:00,1.6597,259.5839100364813,closed,-0.8994396043351389,-0.34649281775928786,51.01734240296128,0,1.6597,1.66999,0.31216310214653253,0.05191678200729626
364,long,2022-12-07,11:00:00,1.66068,2022-12-08,06:00:00,1.66681,255.08671201480567,closed,0.5833662357825649,0.2286933063564304,51.600708638743846,0,1.65786,1.66907,0.30720754391551136,0.05101734240296114
365,long,2022-12-12,11:00:00,1.67682,2022-12-12,20:00:00,1.67278,258.0035431937185,closed,-0.9809439899033225,-0.3802056273183791,50.61976464884052,0,1.67224,1.68155,0.3077295633326398,0.0516007086387437
366,short,2022-12-12,20:00:00,1.67278,2022-12-13,15:00:00,1.68069,253.09882324420187,closed,-1.5500454741564038,-0.6124269778452687,49.06971917468412,100000,1.68214,1.66733,0.30260861947680134,0.050619764648840375
367,long,2022-12-13,15:00:00,1.68069,2022-12-13,20:00:00,1.67259,245.34859587341984,closed,-1.5234765510839232,-0.6209436600443863,47.54624262360019,0,1.67259,1.68424,0.29196174889291876,0.04906971917468397
368,long,2022-12-20,05:00:00,1.6601,2022-12-20,13:00:00,1.65529,237.73121311800026,closed,-1.0227583149888655,-0.4302162520330089,46.52348430861133,0,1.65277,1.66288,0.28640589496777336,0.047546242623600056
369,short,2022-12-20,13:00:00,1.65529,2022-12-20,21:00:00,1.65629,232.61742154305594,closed,-0.4681126104612454,-0.2012371246126124,46.05537169815008,100000,1.65723,1.64969,0.281059417435079,0.04652348430861119
370,short,2022-12-21,11:00:00,1.65322,2022-12-22,02:00:00,1.64636,230.2768584907497,closed,0.6308935717364885,0.2739717641935052,46.68626526988657,100000,1.65518,1.64142,0.27857981211302757,0.046055371698149945
371,short,2022-12-22,13:00:00,1.641,2022-12-22,19:00:00,1.64407,233.43132634943217,closed,-0.7678909115779907,-0.3289579524680016,45.918374358308576,100000,1.64459,1.63711,0.28449887428328113,0.04668626526988644
372,long,2022-12-29,11:00:00,1.63802,2022-12-29,12:00:00,1.63638,229.59187179154227,closed,-0.5561163043721261,-0.24221950891931024,45.36225805393645,0,1.63565,1.63865,0.28032853297461846,0.04591837435830846
