,direction,entry_date,entry_time,entry_price,exit_date,exit_time,exit_price,position_size,status,profit_loss,profit_loss_percent,running_profit_loss,sl_price,drawdown,runup,slippage,commission
0,long,2021-01-03,07:00:00,141.0,2021-01-03,08:00:00,139.41,1068.7320395247602,closed,-13.058237997824543,-1.221843971631208,986.9417620021754,0,138.71,141.14,0.15159319709571067,0.8549856316198082
1,long,2021-01-03,09:00:00,143.38,2021-01-03,20:00:00,151.67,995.713362667764,closed,56.63507604764233,5.687889524340906,1043.5768380498178,0,142.2,159.89,0.13889152778180555,0.7965706901342112
2,long,2021-01-03,22:00:00,156.1,2021-01-04,08:00:00,160.84,879.1257084148391,closed,25.878847695395283,2.9437027546444647,1069.455685745213,0,154.17,174.43,0.11263622144969113,0.7033005667318714
3,long,2021-01-05,01:00:00,158.22,2021-01-05,04:00:00,149.7,727.9837417669562,closed,-39.875656837237436,-5.477547718366837,1029.5800289079757,0,149.7,159.61,0.09202170923612137,0.582386993413565
4,long,2021-01-05,10:00:00,154.46,2021-01-06,04:00:00,157.07,760.8519480881229,closed,12.149356416074541,1.5968095299753884,1041.7293853240503,0,150.03,163.16,0.09851766775710513,0.6086815584704983
5,long,2021-01-06,05:00:00,163.41,2021-01-06,20:00:00,163.92,1004.7433781618553,closed,2.2090212530381064,0.21985924973991244,1043.9384065770885,0,158.29,170.27,0.12297207981908762,0.8037947025294843
6,long,2021-01-07,00:00:00,169.18,2021-01-07,07:00:00,168.81,1063.3690680765199,closed,-3.302013002125524,-0.3105237025653178,1040.636393574963,0,166.69,173.1,0.125708602444322,0.850695254461216
7,long,2021-01-07,17:00:00,180.36,2021-01-07,23:00:00,172.13,979.7811982572912,closed,-45.60082920357517,-4.6541849634065295,995.0355643713879,0,162.73,181.88,0.10864728301810724,0.783824958605833
8,short,2021-01-07,23:00:00,172.13,2021-01-08,10:00:00,166.67,1557.2537969601985,closed,47.969677444994396,3.080402021727769,1043.0052418163823,100000,172.13,150.48,0.18093926648000913,1.2458030375681588
9,short,2021-01-12,14:00:00,129.98,2021-01-12,17:00:00,140.94,1023.8704718061283,closed,-87.31007791638396,-8.527453454377603,955.6951638999983,100000,140.94,128.36,0.15754277147347723,0.8190963774449027
10,short,2021-01-12,21:00:00,135.47,2021-01-12,22:00:00,137.29,1127.207306784693,closed,-16.211882066611984,-1.4382342954159544,939.4832818333863,100000,138.0,133.68,0.16641430675200308,0.9017658454277544
11,short,2021-01-12,23:00:00,132.92,2021-01-13,07:00:00,133.86,1084.7488603471445,closed,-8.702277766680417,-0.80223894071624,930.7810040667059,100000,136.74,126.69,0.16321830580005184,0.8677990882777157
12,long,2021-01-14,14:00:00,152.15,2021-01-14,21:00:00,152.09,1022.3680402088063,closed,-1.355452389555851,-0.1325796910943163,929.4255516771501,0,151.23,157.08,0.13438948934719766,0.817894432167045
13,short,2021-01-16,20:00:00,146.09,2021-01-17,16:00:00,142.46,1832.7680228081113,closed,43.822939954655645,2.391079471558625,973.2484916318058,100000,147.61,136.7,0.2509094425091534,1.4662144182464891
14,short,2021-01-18,04:00:00,139.69,2021-01-18,09:00:00,143.08,2321.2202241190944,closed,-58.520738540567706,-2.521119622020198,914.7277530912381,100000,143.59,138.73,0.3323387821775495,1.8569761792952757
15,short,2021-01-21,05:00:00,141.78,2021-01-21,20:00:00,134.89,1806.6315232276759,closed,86.0956636386203,4.765535336436743,1000.8234167298584,100000,144.85,130.24,0.2548499821170371,1.4453052185821407
16,short,2021-01-22,01:00:00,126.73,2021-01-22,03:00:00,134.55,1537.4882800929279,closed,-96.34486568071891,-6.266380493963551,904.4785510491395,100000,134.59,123.59,0.24263998738939918,1.2299906240743423
17,short,2021-01-22,22:00:00,138.01,2021-01-23,06:00:00,141.2,1962.4695125608887,closed,-47.21541532688407,-2.405918411709295,857.2631357222554,100000,141.95,135.15,0.28439526303324236,1.569975610048711
18,long,2021-01-23,06:00:00,141.2,2021-01-23,12:00:00,137.01,1009.9048972987305,closed,-30.919111011519245,-3.061586402266287,826.3440247107361,0,136.22,143.46,0.14304601944741227,0.8079239178389844
19,short,2021-01-23,12:00:00,137.01,2021-01-23,20:00:00,139.8,1931.7378907274094,closed,-41.16427559791921,-2.1309451864827538,785.1797491128169,100000,140.4,136.63,0.28198494865008533,1.5453903125819277
20,short,2021-01-27,05:00:00,131.08,2021-01-27,21:00:00,126.98,2194.8188300408688,closed,66.56014147675737,3.0326029905401337,851.7398905895743,100000,131.35,118.41,0.3348823359842643,1.755855064032695
21,long,2021-01-29,09:00:00,140.1,2021-01-29,17:00:00,138.66,920.927229930207,closed,-10.333842110126179,-1.1221127765881496,841.4060484794481,0,137.55,145.61,0.1314671277559182,0.7367417839441656
22,long,2021-02-03,02:00:00,148.35,2021-02-03,09:00:00,151.31,996.8657500006941,closed,18.958390817606784,1.9017997977755365,860.3644392970549,0,148.14,155.23,0.1343937647456278,0.7974926000005553
23,long,2021-02-04,02:00:00,157.7,2021-02-04,03:00:00,153.87,1183.2422452688793,closed,-29.833611198150212,-2.5213443246670795,830.5308280989046,0,151.56,157.7,0.15006242806200118,0.9465937962151034
24,short,2021-02-05,19:00:00,150.37,2021-02-06,01:00:00,156.73,2056.777017926448,closed,-88.91174717376595,-4.322867593269923,741.6190809251386,100000,156.87,150.08,0.2735621490891066,1.6454216143411584
25,long,2021-02-06,01:00:00,156.73,2021-02-06,02:00:00,152.42,1076.768019686717,closed,-30.609423892196048,-2.8427129458304106,711.0096570329426,0,150.41,158.41,0.13740420081499613,0.8614144157493736
26,short,2021-02-06,02:00:00,152.42,2021-02-06,03:00:00,163.37,1739.8071967419992,closed,-126.60956618948757,-7.277218212832974,584.400090843455,100000,163.93,151.95,0.22829119495368055,1.3918457573935994
27,long,2021-02-06,03:00:00,163.37,2021-02-06,13:00:00,158.81,625.1966172953807,closed,-18.0272461547829,-2.883452286221462,566.3728446886721,0,156.74,164.31,0.07653750594299819,0.5001572938363046
28,short,2021-02-07,14:00:00,151.6,2021-02-07,21:00:00,151.0,1480.432686257701,closed,4.479578376254119,0.30258575197888815,570.8524230649263,100000,152.2,145.63,0.19530774225035635,1.1843461490061609
29,long,2021-02-09,19:00:00,176.86,2021-02-10,11:00:00,189.55,621.6147605219342,closed,44.034309547530114,7.083858419088543,614.8867326124564,0,172.77,196.0,0.07029455620512655,0.49729180841754733
30,short,2021-02-11,21:00:00,184.11,2021-02-12,11:00:00,185.65,1261.0085775470375,closed,-11.693578905779788,-0.9273195372331715,603.1931537066766,100000,189.0,177.0,0.13698425697105399,1.00880686203763
31,long,2021-02-13,16:00:00,215.69,2021-02-14,04:00:00,216.13,537.1265512979942,closed,0.6162125776140983,0.11472390931429263,603.8093662842907,0,211.32,229.26,0.0498054199358333,0.42970124103839535
32,short,2021-02-16,01:00:00,207.09,2021-02-16,03:00:00,215.01,983.018640705514,closed,-38.47615370826565,-3.9140818001834896,565.3332125760251,100000,217.29,207.09,0.09493636976247177,0.7864149125644113
33,short,2021-02-22,01:00:00,222.24,2021-02-22,22:00:00,209.47,1421.2470758721522,closed,80.400530315229,5.657041036717068,645.7337428912541,100000,226.79,176.71,0.12790200466812024,1.136997660697722
34,short,2021-02-23,04:00:00,195.89,2021-02-23,16:00:00,177.44,836.3702334675388,closed,78.01947088049195,9.32834141610087,723.753213771746,100000,198.31,157.75,0.08539182535785786,0.669096186774031
35,short,2021-02-23,20:00:00,162.4,2021-02-23,21:00:00,169.83,573.6382520254178,closed,-26.774212187761755,-4.667438423645325,696.9790015839842,100000,170.24,160.8,0.07064510492923864,0.4589106016203343
36,short,2021-02-24,19:00:00,181.42,2021-02-25,02:00:00,183.25,1086.8864464717008,closed,-11.952851269252434,-1.0997332157424828,685.0261503147318,100000,185.51,172.01,0.11981991472513513,0.8695091571773607
37,short,2021-02-25,05:00:00,178.04,2021-02-25,06:00:00,182.56,1252.259636266094,closed,-32.934287762080054,-2.6299887665693165,652.0918625526517,100000,182.88,178.04,0.1406717182954498,1.0018077090128752
38,short,2021-02-25,09:00:00,179.09,2021-02-25,11:00:00,186.13,1248.7619924608753,closed,-50.227105337861545,-4.022151990619237,601.8647572147902,100000,188.36,175.6,0.13945636188071642,0.9990095939687003
39,short,2021-02-26,23:00:00,166.79,2021-02-27,01:00:00,179.39,892.2904269773368,closed,-68.22810291208361,-7.64640086336111,533.6366543027066,100000,180.39,166.54,0.10699567443819616,0.7138323415818695
40,short,2021-02-27,10:00:00,171.95,2021-02-27,13:00:00,176.52,971.5833599037076,closed,-26.71252473943817,-2.7493806339052176,506.9241295632684,100000,177.83,171.85,0.11300766035518553,0.777266687922966
41,short,2021-02-27,16:00:00,172.0,2021-02-27,19:00:00,174.97,997.1383236739564,closed,-18.131685006527125,-1.8183720930232554,488.7924445567413,100000,175.82,171.14,0.115946316706274,0.7977106589391652
42,short,2021-02-27,23:00:00,169.88,2021-02-28,12:00:00,163.57,1101.158542048385,closed,39.890719207592426,3.622613609606783,528.6831637643337,100000,172.89,154.96,0.12963957405796855,0.880926833638708
43,short,2021-02-28,18:00:00,156.04,2021-02-28,19:00:00,158.8,891.2318258378828,closed,-16.59112232191955,-1.8615944629582288,512.0920414424141,100000,159.14,156.04,0.11423120044064122,0.7129854606703062
44,long,2021-03-01,23:00:00,175.09,2021-03-02,04:00:00,173.38,715.0734692891343,closed,-7.637437162947489,-1.0680632817408235,504.45460427946665,0,173.33,179.65,0.08168067500018669,0.5720587754313075
45,long,2021-03-02,10:00:00,182.72,2021-03-02,17:00:00,174.29,689.1122545115022,closed,-32.419714445806,-4.7045621716287265,472.03488983366066,0,173.57,185.24,0.07542822400519945,0.5512898036092018
46,long,2021-03-03,01:00:00,179.64,2021-03-03,15:00:00,188.98,605.2354672068484,closed,30.916360247743256,5.108154085949678,502.95125008140394,0,179.55,196.33,0.06738315154830199,0.48418837376547874
47,long,2021-03-08,00:00:00,190.96,2021-03-08,05:00:00,188.64,933.8926454343957,closed,-12.190918003635462,-1.3053875157101076,490.76033207776845,0,187.46,195.21,0.09781028963493879,0.7471141163475166
48,long,2021-03-10,00:00:00,203.98,2021-03-10,03:00:00,196.85,755.2495496400558,closed,-27.077551340498374,-3.5852456123149308,463.6827807372701,0,194.78,207.64,0.074051333428773,0.6041996397120446
49,long,2021-03-10,14:00:00,203.54,2021-03-11,00:00:00,200.52,630.3189313128235,closed,-9.918471275496225,-1.573563918640062,453.76430946177385,0,196.99,208.27,0.06193563243714489,0.5042551450502588
50,long,2021-03-11,14:00:00,201.81,2021-03-12,13:00:00,209.18,608.7083101187054,closed,21.682430702742394,3.5620395421436024,475.44674016451626,0,197.39,215.45,0.060324890750577814,0.48696664809496437
51,long,2021-03-13,11:00:00,224.42,2021-03-13,20:00:00,226.57,570.1984250152458,closed,4.955670175781748,0.869113269762056,480.402410340298,0,222.95,229.42,0.05081529498398056,0.45615874001219664
52,short,2021-03-15,00:00:00,214.08,2021-03-15,03:00:00,218.95,1472.7718767069573,closed,-34.819167039374655,-2.3641928251120965,445.58324330092336,100000,219.73,212.58,0.13759079565647958,1.1782175013655658
53,short,2021-03-15,07:00:00,212.51,2021-03-15,21:00:00,203.07,1267.629768187902,closed,55.1765338793466,4.352732577290479,500.75977718026996,100000,212.73,198.05,0.11930071697218032,1.0141038145503216
54,short,2021-03-16,01:00:00,193.31,2021-03-16,05:00:00,197.3,1148.6323758459614,closed,-24.74600138017765,-2.1543882882416887,476.01377580009233,100000,198.33,191.82,0.1188383814438944,0.9189059006767691
55,short,2021-03-16,19:00:00,197.39,2021-03-16,21:00:00,200.06,1239.4716431563163,closed,-17.882902711406913,-1.442784335579318,458.1308730886854,100000,200.64,196.45,0.1255860624303477,0.991577314525053
56,short,2021-03-17,04:00:00,197.44,2021-03-17,07:00:00,205.18,1405.6054058535087,closed,-56.36910521924947,-4.010307941653165,401.7617678694359,100000,205.18,197.17,0.1423830435426974,1.1244843246828071
57,long,2021-03-17,07:00:00,205.18,2021-03-17,11:00:00,198.84,621.3919291074052,closed,-19.758506803462836,-3.179717321376354,382.0032610659731,0,196.58,207.0,0.06057041905716007,0.49711354328592416
58,short,2021-03-17,11:00:00,198.84,2021-03-17,18:00:00,198.65,1055.411219629079,closed,0.05800409277863694,0.005495876081270228,382.0612651587517,100000,200.4,194.71,0.10615683158610731,0.8443289757032632
59,short,2021-03-22,01:00:00,192.43,2021-03-22,05:00:00,195.21,1752.9857780271384,closed,-26.909638939295323,-1.5350745725718449,355.1516262194564,100000,195.57,190.44,0.18219464512052574,1.4023886224217108
60,short,2021-03-22,20:00:00,192.98,2021-03-23,11:00:00,185.86,1389.0268808347157,closed,49.99299061019619,3.599137734480244,405.1446168296526,100000,193.93,183.07,0.14395552708412435,1.1112215046677727
61,short,2021-03-23,23:00:00,184.73,2021-03-24,00:00:00,185.99,1540.3455868988606,closed,-11.905379653791115,-0.7729031559573537,393.2392371758615,100000,188.07,184.73,0.16676723725424789,1.2322764695190884
62,short,2021-03-24,01:00:00,182.92,2021-03-24,02:00:00,188.93,1373.326449547867,closed,-46.370684398068576,-3.376523070194632,346.8685527777929,100000,189.05,182.7,0.15015596430656758,1.0986611596382936
63,short,2021-03-25,13:00:00,170.5,2021-03-25,14:00:00,172.97,812.5543390783822,closed,-12.51667282202617,-1.54041055718475,334.3518799557667,100000,173.42,169.68,0.09531429197400378,0.6500434712627058
64,long,2021-03-27,18:00:00,183.66,2021-03-28,08:00:00,185.54,786.636169478761,closed,7.33727755701468,0.9327409343351819,341.6891575127814,0,182.7,187.45,0.085662220350513,0.6293089355830088
65,long,2021-03-30,10:00:00,196.29,2021-03-30,19:00:00,196.79,757.688251411096,closed,1.2466710437706396,0.16453614549900658,342.935828556552,0,195.86,200.41,0.07720090187081319,0.6061506011288768
66,long,2021-04-02,17:00:00,209.55,2021-04-02,19:00:00,206.46,547.0020749149921,closed,-8.555838133258776,-1.564132665235029,334.37999042329324,0,206.08,209.55,0.05220730851014002,0.43760165993199374
67,long,2021-04-03,00:00:00,211.96,2021-04-03,12:00:00,214.11,533.3884092269983,closed,4.933344526692328,0.9249065861483327,339.3133349499856,0,210.36,218.46,0.050329157315248,0.42671072738159865
68,short,2021-04-05,06:00:00,199.5,2021-04-05,11:00:00,204.37,1019.0462104831269,closed,-25.793362127597,-2.5311278195488742,313.5199728223886,100000,204.79,198.81,0.10216002110106535,0.8152369683865015
69,long,2021-04-06,12:00:00,233.95,2021-04-06,15:00:00,225.05,368.39329606760657,closed,-14.340742424514023,-3.892780508655686,299.17923039787456,0,216.84,239.53,0.03149333584677124,0.2947146368540853
70,long,2021-04-06,16:00:00,235.15,2021-04-06,23:00:00,237.95,264.251288023379,closed,2.9126414135744465,1.1022241122687575,302.091871811449,0,231.5,245.05,0.02247512549635373,0.2114010304187032
71,short,2021-04-08,12:00:00,219.13,2021-04-08,13:00:00,224.23,603.3282949367036,closed,-14.579504100266979,-2.4165125724455776,287.512367711182,100000,225.02,218.58,0.055065786969990746,0.48266263594936293
72,short,2021-04-09,05:00:00,225.32,2021-04-09,11:00:00,228.07,893.5092133517212,closed,-11.699276219360003,-1.3093626841824961,275.813091491822,100000,228.07,223.14,0.07931024439479152,0.714807370681377
73,short,2021-04-09,15:00:00,225.25,2021-04-10,04:00:00,227.08,949.4021334857954,closed,-8.557053102787453,-0.9013096559378524,267.25603838903453,100000,227.08,219.24,0.08429763671350016,0.7595217067886364
74,long,2021-04-12,06:00:00,255.75,2021-04-12,10:00:00,250.8,315.39562675813494,closed,-6.381412356686769,-2.023304007820132,260.87462603234775,0,248.42,259.67,0.024664369638954832,0.25231650140650796
75,short,2021-04-12,10:00:00,250.8,2021-04-13,01:00:00,252.59,599.165885176746,closed,-4.803456520621083,-0.8016905901116395,256.0711695117267,100000,254.94,240.35,0.04778037361856028,0.4793327081413968
76,long,2021-04-14,03:00:00,273.32,2021-04-14,09:00:00,270.96,325.3938242701461,closed,-3.0937604778375727,-0.9507741841065469,252.9774090338891,0,268.6,284.1,0.0238104657010205,0.26031505941611693
77,long,2021-04-14,22:00:00,280.74,2021-04-15,08:00:00,274.13,230.17061964320285,closed,-5.619882054717333,-2.4416157298568115,247.35752697917178,0,271.7,283.2,0.016397422500762475,0.18413649571456228
78,short,2021-04-16,06:00:00,289.6,2021-04-16,16:00:00,299.88,471.14955066194085,closed,-17.133965123326437,-3.636629834254134,230.22356185584533,100000,300.12,267.26,0.03253795239378044,0.3769196405295527
79,long,2021-04-16,16:00:00,299.88,2021-04-17,10:00:00,318.76,178.0631638270297,closed,11.056266521685409,6.209182339602507,241.27982837753075,0,299.88,335.59,0.01187562783960449,0.14245053106162378
80,short,2021-04-19,10:00:00,266.62,2021-04-19,20:00:00,269.88,391.8585720055423,closed,-5.134190916482895,-1.31021528767534,236.14563746104784,100000,275.35,250.93,0.02939453694438094,0.3134868576044339
81,short,2021-04-20,01:00:00,246.5,2021-04-20,10:00:00,251.74,299.0544796971149,closed,-6.6206900876393435,-2.2138742393509165,229.5249473734085,100000,254.51,234.79,0.02426405514783894,0.23924358375769195
82,long,2021-04-21,02:00:00,264.59,2021-04-21,04:00:00,258.57,174.394748809136,closed,-4.120559235334313,-2.362777126875537,225.40438813807418,0,258.54,267.47,0.013182263034062967,0.1395157990473088
83,short,2021-04-21,04:00:00,258.57,2021-04-21,15:00:00,269.95,348.2807788877422,closed,-15.63385098084798,-4.488864137370922,209.77053715722622,100000,269.95,251.83,0.026938993610066304,0.27862462311019376
84,short,2021-04-24,11:00:00,222.96,2021-04-24,16:00:00,231.4,359.4145614946367,closed,-13.925167055746774,-3.874402583423034,195.84537010147943,100000,232.44,220.72,0.032240272828725935,0.2875316491957094
85,short,2021-04-25,07:00:00,224.7,2021-04-25,09:00:00,226.42,444.28044183841547,closed,-3.7957802448763505,-0.8543658210947925,192.0495898566031,100000,228.14,221.58,0.0395443205908692,0.35542435347073237
86,short,2021-04-25,20:00:00,223.97,2021-04-26,01:00:00,232.55,456.01178844986947,closed,-17.87474996149563,-3.9197999732107034,174.17483989510745,100000,233.76,211.58,0.040720791931943515,0.3648094307598956
87,long,2021-04-26,18:00:00,247.17,2021-04-26,21:00:00,240.3,211.85235546459708,closed,-6.074983074447612,-2.8675551240037125,168.09985682065985,0,240.3,247.79,0.017142238577869246,0.16948188437167766
88,long,2021-04-27,15:00:00,257.19,2021-04-27,20:00:00,257.27,214.70024863995278,closed,-0.12167265694534708,-0.056670943660335135,167.9781841637145,0,254.41,263.33,0.016695847322209478,0.17176019891196223
89,long,2021-04-27,22:00:00,262.04,2021-04-27,23:00:00,259.01,225.45941333196467,closed,-2.80458982750002,-1.2439444359639862,165.17359433621448,0,258.16,262.28,0.01720801506120933,0.18036753066557173
90,long,2021-04-28,01:00:00,263.9,2021-04-28,03:00:00,260.55,229.51049612290055,closed,-3.1144548233256306,-1.356998863205747,162.05913951288883,0,260.55,266.45,0.017393747337847713,0.18360839689832045
91,long,2021-05-01,00:00:00,271.43,2021-05-01,07:00:00,272.45,305.6400375598124,closed,0.8815242870866115,0.288419113583606,162.94066379997545,0,269.15,275.12,0.02252072634268964,0.24451203004784994
92,short,2021-05-04,01:00:00,277.97,2021-05-04,10:00:00,308.47,321.16230647446423,closed,-35.51927324051233,-11.059602115336185,127.42139055946313,100000,312.37,275.73,0.023107695540847156,0.2569298451795714
93,long,2021-05-04,10:00:00,308.47,2021-05-04,17:00:00,299.88,116.47302594678585,closed,-3.3441679931691053,-2.8711952539955363,124.07722256629403,0,294.0,328.14,0.007551659866229186,0.09317842075742869
94,long,2021-05-05,01:00:00,325.69,2021-05-05,09:00:00,328.48,83.23595672820484,closed,0.6413347205615213,0.77050201111487,124.71855728685554,0,323.96,340.54,0.005111360909343538,0.06658876538256388
95,long,2021-05-05,11:00:00,341.8,2021-05-05,21:00:00,348.12,90.49434556811616,closed,1.595581050985914,1.763183148039787,126.31413833784146,0,335.92,360.19,0.005295163579175901,0.07239547645449293
96,long,2021-05-07,00:00:00,354.94,2021-05-07,14:00:00,357.0,94.64904764319041,closed,0.46827145662852737,0.49474502732856335,126.78240979446998,0,340.37,373.22,0.005333242105324304,0.07571923811455233
97,long,2021-05-08,04:00:00,353.53,2021-05-08,07:00:00,344.38,116.23474684329088,closed,-3.1079303159397558,-2.6738392781376343,123.67447947853023,0,343.04,355.62,0.006575665252922858,0.0929877974746327
98,short,2021-05-13,09:00:00,318.55,2021-05-13,13:00:00,320.76,160.63635175150242,closed,-1.253039184700047,-0.7800470883691665,122.42144029383019,100000,322.45,304.57,0.010085471778465072,0.12850908140120193
99,short,2021-05-13,19:00:00,295.57,2021-05-13,22:00:00,307.82,144.60146812213642,closed,-6.118523187755529,-4.231300876272964,116.30291710607466,100000,308.86,295.15,0.009784583558692453,0.11568117449770915
100,short,2021-05-14,20:00:00,324.13,2021-05-15,22:00:00,311.53,248.1221335344818,closed,9.43151629947787,3.8011587943109326,125.73443340555252,100000,331.99,297.63,0.015310038165827402,0.19849770682758544
101,short,2021-05-16,00:00:00,300.42,2021-05-16,02:00:00,312.62,255.76293251575007,closed,-10.608122213872473,-4.147638639238396,115.12631119168005,100000,314.33,299.1,0.01702702433364956,0.20461034601260006
102,short,2021-05-16,15:00:00,309.1,2021-05-17,08:00:00,288.51,267.1767941399095,closed,17.566351270795952,6.574804270462644,132.692662462476,100000,309.7,264.91,0.01728740175606014,0.2137414353119276
103,short,2021-05-17,17:00:00,268.22,2021-05-17,20:00:00,281.79,209.42362832775262,closed,-10.778481818828618,-5.146736261278051,121.91418064364737,100000,282.38,262.64,0.015615810031149997,0.16753890266220212
104,short,2021-05-18,15:00:00,295.1,2021-05-19,23:00:00,204.83,192.33132504603333,closed,58.6665418711882,30.502853270077935,180.58072251483557,100000,312.31,142.17,0.01303499322575624,0.15386506003682668
105,short,2021-05-20,01:00:00,173.92,2021-05-20,03:00:00,189.65,77.5960455588183,closed,-7.089087631935727,-9.135887764489432,173.49163488289983,100000,190.81,173.3,0.008923188311731637,0.06207683644705465
106,short,2021-05-21,05:00:00,204.44,2021-05-22,02:00:00,178.99,186.3995575235474,closed,23.036855446056137,12.358857366464482,196.52849032895597,100000,209.22,157.26,0.01823513573895005,0.14911964601883793
107,short,2021-05-22,06:00:00,168.25,2021-05-22,09:00:00,172.6,174.0469384501086,closed,-4.659802906046706,-2.6773254086181244,191.86868742290926,100000,175.0,163.2,0.02068908629421796,0.1392375507600869
108,short,2021-05-23,00:00:00,169.34,2021-05-23,01:00:00,174.9,232.93352749545392,closed,-7.861846310744641,-3.375145860399198,184.0068411121646,100000,174.9,166.1,0.027510750855728582,0.18634682199636315
109,short,2021-05-23,06:00:00,169.02,2021-05-23,22:00:00,142.85,250.91762117968366,closed,38.62009062112945,15.391541829369315,222.62693173329404,100000,170.39,118.34,0.029690879325486176,0.20073409694374694
110,long,2021-05-26,00:00:00,183.75,2021-05-26,14:00:00,190.4,165.11051941030394,closed,5.825368692990484,3.5281632653061257,228.45230042628452,0,179.6,203.72,0.017971212997039885,0.13208841552824316
111,short,2021-05-28,17:00:00,172.45,2021-05-28,18:00:00,175.91,302.623523614945,closed,-6.348969576676885,-2.0979762249927565,222.10333084960763,100000,176.11,172.36,0.03509695837807422,0.242098818891956
112,short,2021-05-29,10:00:00,173.87,2021-05-30,03:00:00,162.72,330.7663150754163,closed,20.908844627754387,6.32133433024674,243.012175477362,100000,175.59,155.77,0.03804754300056551,0.26461305206033303
113,long,2021-05-31,08:00:00,174.12,2021-06-01,03:00:00,183.9,270.01561470984365,closed,14.919252840003743,5.525329657707329,257.93142831736577,0,172.64,193.04,0.03101488797494184,0.21601249176787493
114,long,2021-06-01,23:00:00,181.51,2021-06-02,23:00:00,186.38,319.23497893636534,closed,8.274663517271675,2.592029089306377,266.20609183463745,0,178.58,191.28,0.03517547010482787,0.2553879831490923
115,short,2021-06-05,10:00:00,175.49,2021-06-06,01:00:00,173.15,674.3153373505971,closed,8.375081792763478,1.242012650293466,274.5811736274009,100000,177.94,168.18,0.07684943157451674,0.5394522698804778
116,short,2021-06-06,14:00:00,175.14,2021-06-06,17:00:00,178.55,929.2480020683751,closed,-18.942100280691754,-2.0384332533972964,255.63907334670915,100000,178.55,174.25,0.10611487976114824,0.7433984016547001
117,short,2021-06-06,18:00:00,176.02,2021-06-07,01:00:00,178.65,848.9642680361741,closed,-13.46041962654039,-1.5855107374162,242.17865372016877,100000,179.12,172.95,0.09646225065744507,0.6791714144289392
118,short,2021-06-07,09:00:00,177.19,2021-06-07,11:00:00,181.39,909.4116175138078,closed,-22.386296865026672,-2.461624245160556,219.7923568551421,100000,181.82,176.4,0.10264818754035869,0.7275292940110463
119,long,2021-06-07,11:00:00,181.39,2021-06-07,15:00:00,177.84,407.29863806457007,closed,-8.34202578894831,-2.04813495782567,211.45033106619377,0,177.17,181.84,0.04490860996356691,0.3258389104516561
120,short,2021-06-07,15:00:00,177.84,2021-06-08,11:00:00,156.87,781.7435808078826,closed,91.4659682590893,11.700251911830858,302.91629932528303,100000,177.84,152.34,0.08791538245702685,0.6253948646463061
121,short,2021-06-08,16:00:00,151.68,2021-06-08,17:00:00,154.49,563.7924616894147,closed,-10.970104819701247,-1.9457700421940942,291.9461945055818,100000,155.32,150.55,0.0743397233240262,0.4510339693515318
122,short,2021-06-13,04:00:00,157.52,2021-06-13,11:00:00,161.2,908.345958503534,closed,-22.062888336527664,-2.4289080751650447,269.8833061690541,100000,161.31,156.54,0.11533087334986465,0.7266767668028272
123,long,2021-06-14,15:00:00,174.56,2021-06-15,07:00:00,179.18,486.4692108673281,closed,12.430247007507509,2.555197066911093,282.3135531765616,0,173.32,180.88,0.05573661902696243,0.3891753686938625
124,long,2021-06-16,07:00:00,174.7,2021-06-16,11:00:00,172.02,584.1559108019632,closed,-9.49549278339422,-1.6255065827132102,272.81806039316734,0,171.75,177.23,0.06687531892409425,0.46732472864157054
125,short,2021-06-16,11:00:00,172.02,2021-06-16,22:00:00,168.21,1095.4079698163866,closed,23.258054542668614,2.123232182304384,296.07611493583596,100000,172.02,164.59,0.12735821065182962,0.8763263758531094
126,short,2021-06-18,13:00:00,162.42,2021-06-19,01:00:00,157.0,1028.5350541492003,closed,33.37301786485494,3.2447137052087105,329.4491328006909,100000,163.39,151.6,0.12665128114138657,0.8228280433193602
127,short,2021-06-19,19:00:00,155.43,2021-06-20,06:00:00,154.18,1221.679327040821,closed,8.690452795590593,0.7113530206523837,338.1395855962815,100000,156.59,150.74,0.15719993914184147,0.9773434616326567
128,short,2021-06-20,09:00:00,151.46,2021-06-20,17:00:00,149.13,1352.3468264462836,closed,19.54350989584107,1.4451551564769656,357.68309549212256,100000,152.07,143.78,0.17857478231167087,1.081877461157027
129,short,2021-06-21,04:00:00,149.48,2021-06-21,20:00:00,133.82,1228.2321519668124,closed,127.5265851157355,10.382938185710461,485.20968060785805,100000,149.58,127.74,0.1643339780528248,0.9825857215734499
130,short,2021-06-21,22:00:00,126.96,2021-06-22,03:00:00,130.53,746.7968123703406,closed,-21.714329041023625,-2.9076622558286136,463.4953515668344,100000,130.82,119.8,0.11764285008984572,0.5974374498962726
131,short,2021-06-22,10:00:00,119.78,2021-06-22,17:00:00,119.81,644.6583883844429,closed,-0.7848277243928348,-0.12174319585907595,462.7105238424416,100000,121.53,105.26,0.10764040547410968,0.5157267107075544
132,short,2021-06-26,08:00:00,121.39,2021-06-26,16:00:00,122.72,915.2621721246478,closed,-10.911004797986998,-1.1921179668835968,451.7995190444546,100000,125.48,118.65,0.15079696385610805,0.7322097376997183
133,short,2021-06-27,11:00:00,126.37,2021-06-27,23:00:00,130.94,1310.2636441568354,closed,-48.639491493626224,-3.712191184616597,403.1600275508284,100000,130.98,124.59,0.20736941428453518,1.0482109153254684
134,long,2021-06-28,16:00:00,136.82,2021-06-29,04:00:00,138.54,638.7616972611626,closed,7.425658419884211,1.1625084052039167,410.5856859707126,0,135.18,142.06,0.09337256209050761,0.5110093578089301
135,long,2021-06-29,09:00:00,143.19,2021-06-29,21:00:00,144.66,556.377626033547,closed,5.189003337741795,0.9326405475242676,415.77468930845436,0,141.94,149.04,0.07771179915267086,0.44510210082683765
136,long,2021-06-30,20:00:00,141.43,2021-07-01,05:00:00,140.14,621.0899836123423,closed,-6.249738270791315,-1.0062532701690023,409.524951037663,0,138.87,144.44,0.08783001960154736,0.49687198688987383
137,short,2021-07-01,05:00:00,140.14,2021-07-01,18:00:00,136.59,1304.8408270557422,closed,31.823889001740216,2.4389096617667922,441.3488400394032,100000,140.72,134.5,0.18621961282371094,1.043872661644594
138,short,2021-07-02,04:00:00,132.29,2021-07-02,14:00:00,133.77,1304.2214750268076,closed,-15.831586512096699,-1.2138725527250875,425.51725352730654,100000,134.38,130.66,0.19717612442766766,1.0433771800214462
139,long,2021-07-04,07:00:00,143.34,2021-07-04,23:00:00,144.95,886.8624390613729,closed,9.128038150519911,1.0292507325240583,434.64529167782644,0,142.65,147.99,0.12374249184615221,0.7094899512490984
140,short,2021-07-06,11:00:00,136.25,2021-07-07,00:00:00,138.81,1423.821408893234,closed,-28.1002258239553,-1.9735779816513774,406.54506585387117,100000,139.09,135.68,0.2090013077274472,1.1390571271145873
141,short,2021-07-09,02:00:00,127.97,2021-07-09,03:00:00,129.64,1184.8446101942984,closed,-16.595194522478714,-1.400622020786112,389.94987133139244,100000,129.64,127.48,0.18517537082039517,0.9478756881554388
142,long,2021-07-12,04:00:00,135.45,2021-07-12,13:00:00,136.44,955.6327466629159,closed,6.079080102138381,0.6361314138058392,396.02895143353084,0,135.1,139.11,0.14110487215399276,0.7645061973303328
143,long,2021-07-12,16:00:00,138.32,2021-07-12,17:00:00,136.25,895.6035119152106,closed,-14.248953456602614,-1.5909890109890061,381.7799979769282,0,136.01,138.59,0.12949732676622477,0.7164828095321685
144,short,2021-07-13,13:00:00,129.74,2021-07-13,16:00:00,133.32,1393.5646527350414,closed,-39.78320959058734,-2.8547803298905374,341.9967883863409,100000,133.8,129.55,0.2148242103799971,1.1148517221880332
145,short,2021-07-16,09:00:00,122.85,2021-07-16,16:00:00,124.78,1281.0874084106663,closed,-21.359590695151883,-1.6673015873015933,320.637197691189,100000,124.78,120.42,0.20856123865049514,1.024869926728533
146,short,2021-07-17,00:00:00,120.58,2021-07-17,09:00:00,121.59,1210.594036175779,closed,-11.30942611019007,-0.9342046773926065,309.3277715809989,100000,122.75,118.58,0.20079516274270673,0.9684752289406232
147,short,2021-07-17,11:00:00,118.03,2021-07-17,15:00:00,119.95,1001.000062052001,closed,-17.253736763874286,-1.72364991951199,292.0740348171246,100000,120.42,117.61,0.1696179042704399,0.8008000496416008
148,short,2021-07-18,09:00:00,121.49,2021-07-18,22:00:00,121.58,1389.5890271357916,closed,-2.369838914398911,-0.17054243147584444,289.7041959027257,100000,121.86,116.59,0.2287577623073161,1.1116712217086333
149,short,2021-07-18,23:00:00,117.81,2021-07-19,00:00:00,119.1,1053.6398933998341,closed,-12.558965393658617,-1.1919599354893404,277.14523050906706,100000,119.77,117.61,0.17887104547998203,0.8429119147198674
150,short,2021-07-19,01:00:00,117.39,2021-07-19,05:00:00,119.45,930.313238096157,closed,-17.228206082767656,-1.851871539313402,259.9170244262994,100000,119.56,117.02,0.15849957204125684,0.7442505904769257
151,short,2021-07-19,11:00:00,116.17,2021-07-19,21:00:00,113.71,961.4303631756313,closed,19.424452043698526,2.020370147198079,279.34147646999793,100000,117.36,111.76,0.16552128142818823,0.7691442905405051
152,short,2021-07-20,02:00:00,110.41,2021-07-20,13:00:00,106.65,871.1165710226919,closed,28.811085872109114,3.307374332035133,308.15256234210705,100000,111.3,103.96,0.15779667983383605,0.6968932568181536
153,long,2021-07-22,15:00:00,119.46,2021-07-22,22:00:00,119.08,523.400758711401,closed,-2.1712763033072924,-0.41484011384563485,305.98128603879974,0,119.08,121.75,0.08762778481690958,0.4187206069691208
154,long,2021-07-23,22:00:00,120.33,2021-07-24,11:00:00,125.91,745.4138395108913,closed,33.84645915261263,4.540626610155404,339.82774519141236,0,120.33,127.33,0.1238949288641056,0.5963310716087131
155,long,2021-07-25,08:00:00,126.49,2021-07-25,13:00:00,125.05,778.8707154520806,closed,-9.6131451497989,-1.2342414420112242,330.21460004161344,0,124.91,127.89,0.12315135037585273,0.6230965723616645
156,long,2021-07-26,00:00:00,127.62,2021-07-26,14:00:00,137.52,817.430291412756,closed,62.629328601519795,7.661733270647238,392.8439286431332,0,127.0,139.84,0.12810379116325904,0.6539442331302048
157,long,2021-07-27,12:00:00,132.05,2021-07-28,07:00:00,133.52,638.0800421588234,closed,6.4960945511293815,1.018068913290419,399.3400231942626,0,131.2,136.95,0.09664218737733031,0.5104640337270587
158,short,2021-07-28,07:00:00,133.52,2021-07-28,08:00:00,137.64,1349.368428933563,closed,-42.91880942098477,-3.1806590772917738,356.4212137732778,100000,137.94,133.52,0.20212229312965296,1.0794947431468505
159,long,2021-07-28,08:00:00,137.64,2021-07-28,16:00:00,137.6,565.656058530762,closed,-0.6991055175005848,-0.12359197907584427,355.72210825577724,0,135.83,140.14,0.08219355689200264,0.45252484682460964
160,long,2021-07-28,17:00:00,138.76,2021-07-28,18:00:00,134.54,581.7878187004317,closed,-18.242746133382294,-3.135635629864513,337.47936212239495,0,134.41,138.87,0.08385526357746205,0.46543025496034535
161,long,2021-07-28,22:00:00,141.5,2021-07-29,01:00:00,137.67,472.71771191751844,closed,-13.240104847148515,-2.800848056537111,324.2392572752464,0,137.67,141.85,0.06681522429929589,0.3781741695340148
162,long,2021-07-30,19:00:00,139.73,2021-07-31,07:00:00,143.39,719.7738004291439,closed,18.174461025226577,2.5250239748085566,342.41371830047296,0,139.73,146.47,0.10302351684379073,0.5758190403433151
163,long,2021-07-31,22:00:00,145.58,2021-08-01,11:00:00,146.74,838.2177848239,closed,5.893296322348622,0.7030745981590854,348.3070146228216,0,143.19,149.77,0.11515562368785548,0.67057422785912
164,long,2021-08-02,07:00:00,145.23,2021-08-02,20:00:00,141.39,598.3836543960272,closed,-16.382865196385147,-2.7378530606624,331.9241494264365,0,141.2,145.89,0.08240496514439541,0.47870692351682176
165,short,2021-08-02,20:00:00,141.39,2021-08-03,13:00:00,138.95,1297.6221387172202,closed,21.1717161068045,1.6315779050852237,353.095865533241,100000,143.13,136.0,0.18355218031221732,1.0380977109737761
166,short,2021-08-04,04:00:00,137.16,2021-08-04,12:00:00,137.7,1480.9976282261648,closed,-7.231449253110536,-0.4882822980460717,345.86441628013046,100000,138.59,135.74,0.2159518268046318,1.184798102580932
167,long,2021-08-06,16:00:00,149.11,2021-08-07,00:00:00,148.05,676.0063820943066,closed,-5.437102420824346,-0.8042974984910485,340.4273138593061,0,147.15,150.69,0.09067217250275723,0.5408051056754453
168,long,2021-08-07,01:00:00,150.73,2021-08-07,13:00:00,151.07,673.4213721223487,closed,0.8909374135417807,0.1323001393219687,341.3182512728479,0,149.84,156.29,0.08935465695247777,0.5387370976978789
169,long,2021-08-08,01:00:00,156.53,2021-08-08,02:00:00,153.05,525.7075930455479,closed,-12.175351583025286,-2.3159931003641407,329.14289968982257,0,152.26,156.53,0.06717020290622219,0.42056607443643834
170,long,2021-08-10,22:00:00,167.59,2021-08-11,22:00:00,172.88,451.72033551657745,closed,13.843326686252052,3.064579032161819,342.9862263760746,0,164.35,176.19,0.05390779109929918,0.361376268413262
171,long,2021-08-12,02:00:00,178.56,2021-08-12,05:00:00,172.88,495.1397249446644,closed,-16.201983375971583,-3.2722043010752726,326.78424300010306,0,172.65,179.86,0.05545919858251169,0.39611177995573155
172,short,2021-08-13,17:00:00,177.94,2021-08-14,00:00:00,183.39,838.3249482489842,closed,-26.441354950854638,-3.1540699112060184,300.3428880492484,100000,184.39,175.07,0.09422557584005668,0.6706599585991875
173,long,2021-08-14,00:00:00,183.39,2021-08-14,03:00:00,182.06,418.8722518876916,closed,-3.4185676747223077,-0.8161361033862174,296.92432037452613,0,181.58,185.05,0.04568103515869913,0.33509780151015334
174,short,2021-08-17,07:00:00,178.14,2021-08-17,09:00:00,180.51,858.3304269904767,closed,-12.202380747269059,-1.4216414056360194,284.7219396272571,100000,181.46,177.68,0.09636582766256617,0.6866643415923813
175,short,2021-08-17,16:00:00,176.74,2021-08-18,07:00:00,170.57,842.03041344918,closed,28.626404201052747,3.3996876768134063,313.34834382830985,100000,178.86,163.2,0.09528464563190901,0.673624330759344
176,short,2021-08-18,21:00:00,165.22,2021-08-19,02:00:00,168.11,788.7445798587989,closed,-14.523059139187348,-1.8412879796634882,298.8252846891225,100000,169.65,164.37,0.09547809948659955,0.6309956638870392
177,short,2021-08-19,03:00:00,166.95,2021-08-19,08:00:00,166.16,787.619441893875,closed,3.002530803228102,0.38121593291404143,301.8278154923506,100000,168.01,164.17,0.09435393134398024,0.6300955535151
178,short,2021-08-19,12:00:00,163.68,2021-08-19,14:00:00,167.25,846.93281703812,closed,-19.253357673271534,-2.2733040078201325,282.5744578190791,100000,167.25,162.95,0.10348641459410068,0.677546253630496
179,long,2021-08-20,14:00:00,180.86,2021-08-20,20:00:00,181.01,562.2315241429059,closed,-0.04565993932668244,-0.008121198717252427,282.5287978797524,0,179.84,184.16,0.06217311999810968,0.4497852193143247
180,long,2021-08-22,01:00:00,183.33,2021-08-22,14:00:00,185.66,491.68193595624325,closed,5.801959486193354,1.1800229095074368,288.3307573659458,0,181.54,189.62,0.05363900463167438,0.3933455487649946
181,short,2021-08-22,14:00:00,185.66,2021-08-23,01:00:00,186.47,1091.2287941633947,closed,-5.751362326269098,-0.5270537541742983,282.5793950396767,100000,186.83,178.93,0.1175513082153824,0.8729830353307158
182,long,2021-08-23,01:00:00,186.47,2021-08-23,15:00:00,186.62,470.0405539942211,closed,-0.04833752165705213,-0.010283691746658611,282.5310575180196,0,186.35,191.55,0.05041460331358622,0.37603244319537693
183,short,2021-08-23,15:00:00,186.62,2021-08-24,07:00:00,187.46,1038.068908470564,closed,-5.614182815580913,-0.5408294930875593,276.9168747024387,100000,188.84,183.08,0.11124948113498703,0.8304551267764513
184,short,2021-08-25,10:00:00,170.27,2021-08-25,13:00:00,174.12,755.3589043904766,closed,-17.77254318735886,-2.3528607505726167,259.14433151507984,100000,174.45,170.27,0.08872483753925842,0.6042871235123813
185,short,2021-08-26,04:00:00,171.85,2021-08-26,20:00:00,168.31,794.2657397536027,closed,15.633516147985745,1.9682979342449767,274.7778476630656,100000,172.62,165.6,0.09243709511243559,0.6354125918028822
186,short,2021-08-30,13:00:00,168.84,2021-08-30,17:00:00,172.3,1144.547061868216,closed,-24.50615989127022,-2.1411229566453494,250.27168777179537,100000,172.3,168.07,0.13557771403319308,0.9156376494945727
187,short,2021-08-31,00:00:00,167.46,2021-08-31,08:00:00,172.76,885.2619398793854,closed,-28.831901897289363,-3.256878060432332,221.43978587450601,100000,173.01,165.75,0.10572816671197723,0.7082095519035083
188,long,2021-09-02,12:00:00,186.96,2021-09-02,14:00:00,185.61,424.5685134814611,closed,-3.4507955011446,-0.8127770646127482,217.98899037336142,0,184.76,187.45,0.04541811226802108,0.3396548107851689
189,long,2021-09-02,21:00:00,187.85,2021-09-03,00:00:00,183.58,402.9038712985663,closed,-9.523587977905725,-2.3637370242214435,208.4654023954557,0,183.58,188.14,0.04289633977094131,0.32232309703885303
190,long,2021-09-03,09:00:00,188.2,2021-09-04,02:00:00,210.1,373.1499405285311,closed,43.083630412955834,11.545929861849102,251.54903280841154,0,187.62,217.85,0.039654616421735504,0.29851995242282486
191,long,2021-09-05,09:00:00,218.2,2021-09-06,03:00:00,224.9,347.19233633562123,closed,10.351232412883636,2.981411549037588,261.9002652212952,0,215.28,232.51,0.0318233122214135,0.27775386906849703
192,long,2021-09-06,11:00:00,231.2,2021-09-06,12:00:00,223.92,443.67428217703247,closed,-14.363686224583919,-3.2374394463667833,247.53657899671126,0,223.24,231.57,0.038380128216006275,0.354939425741626
193,short,2021-09-09,20:00:00,181.97,2021-09-10,02:00:00,186.55,605.1388972603531,closed,-15.781352022339973,-2.607889212507563,231.75522697437128,100000,187.37,179.43,0.0665097430631811,0.48411111780828253
194,long,2021-09-10,02:00:00,186.55,2021-09-10,07:00:00,181.68,309.3867849962774,closed,-8.357406928033463,-2.7012811578665263,223.3978200463378,0,181.66,186.55,0.03316931492857437,0.24750942799702194
195,short,2021-09-10,07:00:00,181.68,2021-09-11,02:00:00,176.49,660.2874832543233,closed,18.261324661265594,2.7656627036547756,241.65914470760342,100000,182.95,171.32,0.07268686517550896,0.5282299866034587
196,short,2021-09-11,21:00:00,182.45,2021-09-12,09:00:00,182.8,826.9463396443267,closed,-2.3385652694047994,-0.2827952863798426,239.32057943819862,100000,182.91,175.3,0.09064909176698567,0.6615570717154614
197,long,2021-09-12,09:00:00,182.8,2021-09-12,21:00:00,177.73,413.62483044205544,closed,-11.848133928631933,-2.864463894967189,227.47244550956668,0,177.16,186.05,0.04525435781641744,0.3308998643536444
198,short,2021-09-12,21:00:00,177.73,2021-09-13,13:39:00,216.65,726.2324743545045,liquidated,-159.36453916439368,-21.944011703145236,68.107906345173,100000,216.65,171.0,0.04086155822621417,0.2904929897418018
199,long,2021-09-13,14:00:00,216.96,2021-09-14,00:00:00,179.43,50.27116139698269,closed,-8.740816627019042,-17.387337758112093,59.36708971815396,0,174.94,216.96,0.00463414098423513,0.040216929117586155
200,long,2021-09-14,09:00:00,180.39,2021-09-14,22:00:00,180.4,55.18635952618666,closed,-0.04720836804259576,-0.08554354454236968,59.319881350111366,0,176.93,187.9,0.006118560843304692,0.04414908762094933
201,long,2021-09-14,23:00:00,183.37,2021-09-15,02:00:00,181.28,76.09496228853082,closed,-0.9364846867899799,-1.2306789551180692,58.383396663321385,0,180.64,183.41,0.00829960869155596,0.06087596983082466
202,long,2021-09-15,11:00:00,182.93,2021-09-15,13:00:00,181.31,105.68391152721544,closed,-1.032022201132524,-0.9765177936915784,57.35137446218886,0,180.97,183.03,0.011554574047692062,0.08454712922177236
203,long,2021-09-15,14:00:00,182.53,2021-09-16,11:00:00,190.56,110.31494361039933,closed,4.752720478789973,4.3083197282638475,62.10409494097883,0,181.46,194.69,0.012087321931781003,0.08825195488831947
204,long,2021-09-17,06:00:00,186.69,2021-09-17,11:00:00,181.96,104.23683760767472,closed,-2.7355131973155244,-2.624324816540784,59.368581743663306,0,181.44,190.28,0.011166836746229012,0.08338947008613978
205,short,2021-09-17,11:00:00,181.96,2021-09-18,01:00:00,181.82,163.62185706315435,closed,-0.022991226870676576,-0.01405143987688789,59.345590516792626,100000,182.76,178.12,0.017984376463305602,0.13089748565052348
206,long,2021-09-18,01:00:00,181.82,2021-09-18,16:00:00,182.07,90.65813586920216,closed,0.04215488636522839,0.04649873501264987,59.38774540315786,0,180.36,184.79,0.009972295222660011,0.07252650869536173
207,short,2021-09-21,18:00:00,155.03,2021-09-22,05:00:00,150.33,139.1660727595165,closed,4.089771576511703,2.9387705605366623,63.47751697966956,100000,157.51,144.73,0.0179534377552108,0.11133285820761321
208,short,2021-09-25,14:00:00,151.12,2021-09-25,20:00:00,152.3,167.1816983780433,closed,-1.4612866375116798,-0.8740709370037103,62.01623034215788,100000,153.08,149.09,0.022125687980153956,0.13374535870243465
209,short,2021-09-25,21:00:00,151.06,2021-09-26,11:00:00,148.95,173.15049252591194,closed,2.2571139855579694,1.30355620283332,64.27334432771585,100000,152.05,142.06,0.02292473090505917,0.13852039402072955
210,short,2021-09-28,08:00:00,144.93,2021-09-28,09:00:00,146.14,224.3948928339278,closed,-2.083922994828286,-0.9286855723452558,62.18942133288756,100000,146.58,144.14,0.03096596878961261,0.17951591426714225
211,short,2021-09-28,16:00:00,143.92,2021-09-28,22:00:00,144.35,194.40298567858866,closed,-0.7633694115790454,-0.3926737076153466,61.42605192130852,100000,145.63,141.99,0.02701542324605179,0.15552238854287093
212,short,2021-09-28,23:00:00,141.8,2021-09-29,03:00:00,143.55,199.42900699948848,closed,-2.6488897668767035,-1.3282369534555711,58.777162154431814,100000,144.23,139.88,0.028128209731944777,0.1595432055995908
213,short,2021-09-29,19:00:00,144.93,2021-09-30,02:00:00,147.94,211.07590951316024,closed,-4.5817497486887975,-2.170664458704196,54.19541240574301,100000,148.37,142.62,0.02912798033715038,0.1688607276105282
214,long,2021-09-30,02:00:00,147.94,2021-09-30,18:00:00,151.9,100.75803476330259,closed,2.6028237260856204,2.5832418548060083,56.79823613182863,0,147.84,154.18,0.013621472862417548,0.08060642781064208
215,long,2021-09-30,19:00:00,153.58,2021-09-30,20:00:00,151.53,117.24779688645498,closed,-1.6741012688606622,-1.4278317489256487,55.12413486296797,0,151.53,153.85,0.015268628322236615,0.09379823750916398
216,long,2021-10-01,07:00:00,155.18,2021-10-01,23:00:00,165.57,111.58628201101806,closed,7.367553660653949,6.602562185848683,62.49168852362192,0,154.61,167.88,0.014381528806678446,0.08926902560881445
217,long,2021-10-02,15:00:00,171.37,2021-10-02,21:00:00,170.69,134.94554584479536,closed,-0.6591724143344561,-0.4884728949057634,61.83251610928746,0,170.43,172.53,0.015749027933103267,0.10795643667583629
218,long,2021-10-03,13:00:00,169.37,2021-10-03,23:00:00,170.74,134.68365194560633,closed,0.9657780836189838,0.7170715002656932,62.79829419290645,0,168.64,174.86,0.01590407415074763,0.10774692155648506
219,short,2021-10-04,15:00:00,164.37,2021-10-04,18:00:00,167.5,218.6309964335066,closed,-4.364766929929824,-1.99640810366855,58.433527262976625,100000,167.97,161.64,0.026602299255765238,0.1749047971468053
220,long,2021-10-07,08:00:00,185.34,2021-10-07,13:00:00,180.21,77.42047935468474,closed,-2.213201456736289,-2.8586770260062555,56.22032580624034,0,179.96,187.12,0.008354427468941916,0.061936383483747796
221,short,2021-10-13,07:00:00,170.14,2021-10-13,12:00:00,173.16,180.40239466993776,closed,-3.3676866729747696,-1.8667638415422654,52.85263913326557,100000,173.16,167.9,0.021206347087097423,0.1443219157359502
222,long,2021-10-14,15:00:00,182.53,2021-10-14,17:00:00,181.29,110.56010285490999,closed,-0.8516416920860842,-0.7702974853448797,52.000997441179486,0,180.09,186.41,0.012114184282573822,0.08844808228392799
223,long,2021-10-14,19:00:00,183.53,2021-10-14,20:00:00,181.3,86.65544776972237,closed,-1.1316834138572232,-1.3059576091102216,50.86931402732226,0,180.13,184.17,0.009443191605701779,0.0693243582157779
224,long,2021-10-15,04:00:00,184.77,2021-10-15,09:00:00,179.41,76.25678419654108,closed,-2.281395636684461,-2.9917280943876237,48.5879183906378,0,179.24,185.84,0.008254238696383727,0.06100542735723286
225,long,2021-10-15,16:00:00,185.92,2021-10-16,04:00:00,190.01,74.90250579974541,closed,1.5797789345005009,2.109113597246129,50.167697325138306,0,185.03,192.77,0.008057498472433887,0.059922004639796335
226,short,2021-10-17,08:00:00,185.61,2021-10-17,10:00:00,186.76,247.33224009242747,closed,-1.7569343816334186,-0.7103539679974016,48.410762943504885,100000,186.78,185.6,0.026650745120675334,0.19786579207394198
227,short,2021-10-17,12:00:00,185.34,2021-10-18,01:00:00,186.09,242.05381471752546,closed,-1.1992621158319388,-0.4954526815582173,47.21150082767295,100000,186.44,176.49,0.026119975689816066,0.19364305177402039
228,short,2021-10-18,10:00:00,182.94,2021-10-18,19:00:00,183.87,201.23055428750993,closed,-1.2059665499848116,-0.5992959440253671,46.00553427768814,100000,185.86,179.19,0.021999623295890447,0.16098444343000795
229,long,2021-10-22,04:00:00,200.83,2021-10-22,15:00:00,195.15,70.10183901660969,closed,-2.045726854844596,-2.918221381267742,43.95980742284355,0,193.16,200.83,0.006981211872390548,0.056081471213287756
230,short,2021-10-22,15:00:00,195.15,2021-10-23,02:00:00,193.17,154.3869594185672,closed,1.4270845419214337,0.9243556238790767,45.38689196476498,100000,195.83,188.19,0.015822388872002786,0.12350956753485376
231,short,2021-10-24,09:00:00,194.84,2021-10-25,00:00:00,190.47,224.84400378415094,closed,4.8399945180826025,2.1526011086019317,50.22688648284758,100000,197.38,185.64,0.02307986078671227,0.17987520302732077
232,long,2021-10-26,21:00:00,196.3,2021-10-26,23:00:00,192.47,148.97877877056905,closed,-3.0410796010434176,-2.041283749363226,47.18580688180417,0,191.59,196.91,0.015178683522217936,0.11918302301645525
233,short,2021-10-26,23:00:00,192.47,2021-10-27,00:00:00,197.68,234.361761191173,closed,-6.555816997823083,-2.7973065932353136,40.62998988398108,100000,199.4,191.86,0.024353069173499556,0.18748940895293842
234,short,2021-10-27,08:00:00,191.04,2021-10-27,22:00:00,183.57,121.39393625619358,closed,4.636892520114821,3.8197068676716905,45.2668824040959,100000,191.04,170.8,0.012708745420455778,0.09711514900495487
235,short,2021-10-28,00:00:00,179.21,2021-10-28,02:00:00,182.17,108.20578104210735,closed,-1.8858683886051142,-1.7428536353997988,43.38101401549079,100000,182.9,178.13,0.012075864186385508,0.08656462483368588
236,short,2021-10-29,06:00:00,191.27,2021-10-29,17:00:00,195.7,152.50060988531698,closed,-3.6700096581370256,-2.4065540858472203,39.711004357353765,100000,196.89,189.51,0.015946108630241748,0.12200048790825359
237,short,2021-10-31,09:00:00,190.16,2021-10-31,18:00:00,191.0,168.0508477702519,closed,-0.8944518744846977,-0.5322507362221306,38.81655248286907,100000,191.5,186.81,0.01767467898298821,0.1344406782162015
238,short,2021-11-01,04:00:00,188.91,2021-11-01,07:00:00,192.12,163.28761720534177,closed,-2.9225363113983596,-1.789808903710766,35.89401617147071,100000,192.55,188.41,0.017287345000830213,0.13063009376427343
239,long,2021-11-01,20:00:00,194.57,2021-11-02,09:00:00,197.06,67.0275679220898,closed,0.7972701323692327,1.1894660019530294,36.691286303839945,0,192.48,198.67,0.006889815276978959,0.053622054337671844
240,long,2021-11-02,10:00:00,200.27,2021-11-02,21:00:00,200.47,75.90691534751929,closed,0.00749858897106135,0.009878663803859093,36.698784892811005,0,200.07,205.23,0.007580457916564566,0.060725532278015436
241,long,2021-11-03,07:00:00,206.06,2021-11-03,13:00:00,200.47,67.70433426024876,closed,-1.8974193889844182,-2.8025080073764936,34.80136550382659,0,199.02,209.23,0.006571322358560493,0.05416346740819901
242,long,2021-11-03,20:00:00,207.58,2021-11-04,02:00:00,204.81,54.09102538431431,closed,-0.7702887217538215,-1.4240601213989839,34.031076782072766,0,204.45,208.98,0.005211583522913027,0.04327282030745145
243,short,2021-11-05,12:00:00,199.6,2021-11-05,14:00:00,201.57,145.76448127278306,closed,-1.569874699912205,-1.0769939879759514,32.46120208216056,100000,201.84,199.37,0.014605659446170647,0.11661158501822645
244,long,2021-11-05,14:00:00,201.57,2021-11-05,15:00:00,199.31,72.93567795055324,closed,-0.883339095157291,-1.2111207024854844,31.57786298700327,0,199.15,201.82,0.007236759235060103,0.058348542360442596
245,short,2021-11-05,15:00:00,199.31,2021-11-06,00:00:00,198.99,137.7781534745627,closed,0.09716017774901307,0.07051929155586431,31.675023164752286,100000,199.94,196.88,0.013825513368577864,0.11022252277965018
246,long,2021-11-07,21:00:00,200.37,2021-11-09,12:00:00,248.21,113.69205925041331,closed,27.042620607002846,23.7858481808654,58.717643771755135,0,200.29,255.71,0.01134821173333466,0.09095364740033066
247,long,2021-11-09,15:00:00,260.72,2021-11-09,23:00:00,266.41,65.06548833277371,closed,1.362957270452325,2.094746854863454,60.08060104220746,0,257.11,274.63,0.004991215735867882,0.05205239066621897
248,long,2021-11-10,12:00:00,287.68,2021-11-10,20:00:00,279.28,55.52575739715626,closed,-1.6695835553200387,-3.006863181312581,58.411017486887424,0,279.13,294.69,0.003860244535397404,0.04442060591772501
249,long,2021-11-11,10:00:00,269.92,2021-11-11,19:00:00,260.04,46.73246932388468,closed,-1.7514177119234604,-3.747753408417307,56.659599774963965,0,258.58,273.06,0.0034626903766956634,0.03738597545910775
250,short,2021-11-11,19:00:00,260.04,2021-11-11,22:00:00,265.24,100.91897483912969,closed,-2.106566008437124,-2.0873834794646937,54.55303376652684,100000,266.77,260.04,0.007761803940865227,0.08073517987130376
251,long,2021-11-11,22:00:00,265.24,2021-11-12,10:00:00,265.9,53.393570689510334,closed,0.08611897409718115,0.1612909063489549,54.63915274062402,0,261.51,282.78,0.004026057207774871,0.04271485655160827
252,short,2021-11-18,04:00:00,221.67,2021-11-19,01:00:00,209.18,121.48464020541486,closed,6.736905594830395,5.545479316100502,61.37605833545442,100000,225.73,199.9,0.010960855344017221,0.09718771216433189
253,short,2021-11-19,03:00:00,202.06,2021-11-19,04:00:00,202.14,109.16748909171024,closed,-0.14136125500280144,-0.12949025042065923,61.23469708045162,100000,203.73,199.93,0.010805452745888374,0.08733399127336819
254,long,2021-11-20,20:00:00,225.65,2021-11-21,03:00:00,221.23,81.85890206452184,closed,-1.676183000962401,-2.0476490139596795,59.558514079489214,0,219.77,227.04,0.007255386843742242,0.06548712165161748
255,long,2021-11-21,07:00:00,227.64,2021-11-21,09:00:00,223.48,94.72450909151928,closed,-1.8151419689080348,-1.9162326480407648,57.74337211058118,0,223.4,227.64,0.008322307950405842,0.07577960727321542
256,long,2021-11-21,17:00:00,228.9,2021-11-21,23:00:00,224.63,93.8559855855936,closed,-1.834115710976983,-1.9541808650065575,55.909256399604196,0,223.16,230.27,0.008200610361345007,0.07508478846847488
257,short,2021-11-22,19:00:00,211.04,2021-11-23,02:00:00,209.67,164.35281442130545,closed,0.9198648839290431,0.5596891584533759,56.82912128353324,100000,212.62,205.8,0.01557551311801606,0.13148225153704438
258,short,2021-11-24,03:00:00,209.89,2021-11-24,22:00:00,211.0,181.4344770063964,closed,-1.1219495207981727,-0.6183772452236952,55.707171762735065,100000,216.02,206.37,0.017288529897222012,0.14514758160511712
259,short,2021-11-27,22:00:00,193.8,2021-11-27,23:00:00,195.22,192.62409127452955,closed,-1.5853618707250938,-0.8230340557275476,54.12180989200997,100000,195.75,193.8,0.019878647190353926,0.15409927301962364
260,short,2021-11-28,02:00:00,191.99,2021-11-28,11:00:00,191.85,179.00895345270504,closed,-0.03132073943632806,-0.017496744622108044,54.090489152573646,100000,192.99,185.77,0.018647737220970368,0.14320716276216405
261,short,2021-11-28,19:00:00,187.75,2021-11-28,20:00:00,189.86,165.79003242423252,closed,-2.013498971684353,-1.214487350199741,52.07699018088929,100000,190.84,187.3,0.017660722495257793,0.13263202593938603
262,short,2021-11-29,10:00:00,196.2,2021-11-29,17:00:00,201.73,180.49287837659136,closed,-5.250079700204242,-2.908746177370032,46.82691048068505,100000,204.43,196.05,0.01839886629730799,0.1443943027012731
263,long,2021-11-29,17:00:00,201.73,2021-11-30,01:00:00,205.16,78.30336340402273,closed,1.2609803163045814,1.6103782283249921,48.08789079698963,0,201.41,209.34,0.00776318479195189,0.0626426907232182
264,long,2021-11-30,13:00:00,212.98,2021-11-30,22:00:00,209.18,62.81234578213694,closed,-1.1768493737041303,-1.873595642783352,46.9110414232855,0,205.98,218.5,0.005898426686274481,0.05024987662570955
265,long,2021-12-01,08:00:00,215.75,2021-12-01,12:00:00,212.34,66.61910072808692,closed,-1.1124077510220427,-1.6698030127462324,45.79863367226346,0,211.09,216.6,0.00617558291801501,0.05329528058246954
266,long,2021-12-01,15:00:00,216.54,2021-12-01,18:00:00,212.1,66.26869736100308,closed,-1.4179285545918299,-2.139665650688093,44.38070511767163,0,212.07,217.26,0.006120688774453042,0.053014957888802464
267,short,2021-12-03,01:00:00,203.08,2021-12-03,07:00:00,204.02,172.20352515889329,closed,-0.9518035142010616,-0.5527201103013579,43.42890160347057,100000,204.1,199.3,0.0169591811265406,0.13776282012711463
268,short,2021-12-03,16:00:00,198.36,2021-12-04,03:08:00,183.27,158.08401331522413,closed,11.954849278287442,7.562339181286551,55.38375088175801,100000,198.36,182.09,0.0079695509838286,0.06323360532608965
