,direction,entry_date,entry_time,entry_price,exit_date,exit_time,exit_price,position_size,status,profit_loss,profit_loss_percent,running_profit_loss,sl_price,drawdown,runup,slippage,commission
0,short,2021-01-02,09:00:00,0.02669,2021-01-02,12:58:00,0.02704,2789.1921693334434,closed,-40.89756215260361,-1.466286998875995,959.1024378473963,0.02700845394615421,0.02704,0.02653,2.0900653198452184,2.231353735466755
1,long,2021-01-02,13:00:00,0.02713,2021-01-02,20:25:00,0.02723,2433.0082038196083,closed,5.227963370802299,0.21487652045705632,964.3304012181986,0.027395261787898,0.02672,0.02793,1.7935924834645105,1.9464065630556868
2,short,2021-01-03,01:00:00,0.02703,2021-01-03,11:08:00,0.02734,1762.1339924542324,closed,-22.922996779975186,-1.3008657047724799,941.4074044382235,0.0273196103490582,0.02734,0.02658,1.3038357324855587,1.409707193963386
3,short,2021-01-04,08:00:00,0.0299,2021-01-04,12:29:00,0.02878,724.6306901936945,closed,26.07894960212811,3.5989297658862864,967.4863540403516,0.02877223635388523,0.03029,0.02683,0.4847028028051468,0.5797045521549556
4,long,2021-01-04,23:00:00,0.03046,2021-01-05,01:05:00,0.02911,770.8202593404304,closed,-35.28585368929737,-4.577701904136575,932.2005003510542,0.02929842372868576,0.02911,0.03121,0.5061196712675184,0.6166562074723444
5,short,2021-01-05,02:00:00,0.02812,2021-01-06,09:09:00,0.02912,600.5124951398776,closed,-22.26286892366082,-3.707311522048367,909.9376314273934,0.028992592225975725,0.02912,0.02681,0.4271070377950766,0.4804099961119021
6,long,2021-01-05,12:00:00,0.02853,2021-01-06,20:05:00,0.0291,739.7622575051213,closed,13.669292248949198,1.8477953031896286,923.6069236763426,0.029152417059995016,0.02759,0.03095,0.518585529271028,0.591809806004097
7,short,2021-01-06,20:00:00,0.0294,2021-01-06,22:34:00,0.03045,850.8768696113614,closed,-31.64798892712306,-3.719455782312933,891.9589347492196,0.030446275044516278,0.03045,0.02903,0.5788278024567085,0.6807014956890891
8,long,2021-01-07,02:00:00,0.03109,2021-01-07,06:26:00,0.03162,926.3060192853286,closed,14.454068398966081,1.5603988420714145,906.4130031481857,0.031643140284959584,0.03044,0.03314,0.5958867927213436,0.741044815428263
9,short,2021-01-07,09:00:00,0.03138,2021-01-07,14:00:00,0.03296,694.5971399648267,closed,-35.97172054000648,-5.178789037603585,870.4412826081792,0.032947463083437864,0.03296,0.0309,0.44270053535043136,0.5556777119718614
10,long,2021-01-07,12:00:00,0.03269,2021-01-07,18:35:00,0.031,688.2078638432934,closed,-36.550427018270405,-5.310957479351475,833.8908555899088,0.031227260789244544,0.031,0.03338,0.42105100265726125,0.5505662910746347
11,short,2021-01-07,17:00:00,0.03209,2021-01-08,10:16:00,0.03078,672.40245082497,closed,26.492279396903523,3.9399439077594334,860.3831349868124,0.030777064169280326,0.03272,0.0287,0.4190728892645497,0.537921960659976
12,long,2021-01-08,10:00:00,0.03065,2021-01-08,20:44:00,0.02945,714.3600666113457,closed,-29.006048616611803,-4.06042414355628,831.3770863702006,0.029471073384527795,0.02945,0.03126,0.4661403371036514,0.5714880532890766
13,short,2021-01-08,19:00:00,0.02979,2021-01-09,03:39:00,0.03102,730.1153418773339,closed,-31.22001632004991,-4.276038939241351,800.1570700501507,0.030861680275477855,0.03102,0.02931,0.49017478474476933,0.5840922735018671
14,long,2021-01-09,00:00:00,0.03039,2021-01-09,15:12:00,0.033,506.308722464334,closed,42.74531798361542,8.442540309312276,842.9023880337661,0.033302681947025424,0.02959,0.0347,0.33320745144082525,0.4050469779714672
15,short,2021-01-09,23:00:00,0.03397,2021-01-10,00:43:00,0.0359,748.0633080121522,closed,-43.53997112399871,-5.82035914041802,799.3624169097674,0.035673834953193685,0.0359,0.03376,0.44042585105219445,0.5984506464097218
16,short,2021-01-10,03:00:00,0.03509,2021-01-10,06:12:00,0.03671,566.0471652094168,closed,-26.90816263793674,-4.753696209746356,772.4542542718307,0.036545181697682345,0.03671,0.03456,0.32262591348499103,0.4528377321675335
17,long,2021-01-10,01:00:00,0.03571,2021-01-10,10:22:00,0.03466,686.1529838678841,closed,-21.108532937042025,-3.0763595631475655,751.3457213347887,0.03472990761688912,0.03456,0.03681,0.3842917859803328,0.5489223870943073
18,long,2021-01-10,07:00:00,0.03623,2021-01-10,10:24:00,0.03412,431.506352019733,closed,-25.713919677310837,-5.959105713497104,725.6318016574778,0.03438472786163303,0.03412,0.03635,0.23820389291732436,0.34520508161578645
19,long,2021-01-11,20:00:00,0.02774,2021-01-12,13:49:00,0.02829,512.7070372548111,closed,9.38560689164709,1.8305984138428204,735.0174085491249,0.02832698557701145,0.02747,0.03029,0.36965179326230074,0.4101656298038489
20,long,2021-01-12,18:00:00,0.02915,2021-01-13,00:25:00,0.02787,215.8113202493763,closed,-9.797167626497588,-4.539691252144083,725.2202409226272,0.027899616527097406,0.02787,0.02927,0.14806951646612443,0.17264905619950105
21,short,2021-01-12,14:00:00,0.02801,2021-01-13,07:43:00,0.02922,691.8551444992496,closed,-30.934841764084815,-4.4712888254194905,694.2853991585424,0.029207871975597006,0.02937,0.02772,0.4940058154225274,0.5534841155993997
22,long,2021-01-13,06:00:00,0.02849,2021-01-14,00:38:00,0.03019,166.8254821168884,closed,9.703914481150033,5.816805896805898,703.9893136396925,0.030243694840589894,0.02849,0.03142,0.11711160555766122,0.13346038569351074
23,short,2021-01-14,06:00:00,0.02971,2021-01-15,09:55:00,0.03067,843.0378720496906,closed,-28.482478584704573,-3.3785526758667075,675.5068350549878,0.030650485344826978,0.03067,0.02941,0.5675111895319358,0.6744302976397525
24,long,2021-01-15,10:00:00,0.03068,2021-01-15,12:30:00,0.03012,993.0446730723112,closed,-19.567770496669667,-1.970482398956969,655.9390645583181,0.030196514733855387,0.03012,0.03124,0.6473563709728235,0.794435738457849
25,short,2021-01-15,16:00:00,0.02916,2021-01-16,00:08:00,0.02987,663.9120098640628,closed,-17.151697756065715,-2.5834293552812153,638.7873668022524,0.02986049082094756,0.02987,0.02842,0.4553580314568333,0.5311296078912503
26,long,2021-01-16,01:00:00,0.02993,2021-01-16,22:05:00,0.03008,776.7084988749981,closed,2.7522417827159185,0.3543468092215196,641.5396085849684,0.030099235439287473,0.02946,0.03133,0.5190167048947533,0.6213667990999985
27,long,2021-01-17,16:00:00,0.03025,2021-01-18,14:34:00,0.03111,939.4724061471891,closed,25.336250873880218,2.6968595041322305,666.8758594588486,0.031277155765687556,0.0297,0.03231,0.6211387809237614,0.7515779249177513
28,short,2021-01-18,18:00:00,0.03079,2021-01-19,01:47:00,0.03186,935.9871327476933,closed,-33.88376777358964,-3.620110425462806,632.992091685259,0.03185686912321437,0.03186,0.03076,0.6079812489429641,0.7487897061981547
29,short,2021-01-19,04:00:00,0.03141,2021-01-19,07:54:00,0.03212,1036.286306968973,closed,-24.913365374367046,-2.4041006049029043,608.078726310892,0.03210930446374359,0.03212,0.03115,0.6598448309258026,0.8290290455751783
30,short,2021-01-19,13:00:00,0.03164,2021-01-20,18:56:00,0.03021,979.6460248526371,closed,42.873075058822664,4.376384323640963,650.9518013697146,0.03016196748684662,0.03196,0.02918,0.6192452748752447,0.7837168198821097
31,short,2021-01-21,04:00:00,0.02978,2021-01-22,02:33:00,0.02723,1101.637158458668,closed,92.70975847002386,8.415634654130288,743.6615598397385,0.027219842536898114,0.03002,0.02634,0.7398503414766072,0.8813097267669344
32,long,2021-01-22,06:00:00,0.02772,2021-01-23,11:29:00,0.02823,1001.8251457395176,closed,16.907570237389756,1.6876767676767674,760.5691300771283,0.02824116285579253,0.02736,0.02927,0.7228175654686273,0.8014601165916141
33,short,2021-01-23,12:00:00,0.02812,2021-01-23,13:39:00,0.02888,1356.837401826355,closed,-38.721784765862125,-2.8538264580369854,721.8473453112662,0.028838127004347788,0.02888,0.02805,0.9650337139590008,1.0854699214610841
34,long,2021-01-23,17:00:00,0.02905,2021-01-24,03:20:00,0.02951,1273.9524084997015,closed,18.276502780252606,1.4346299483648952,740.1238480915188,0.029516983957902018,0.02891,0.03034,0.8770756685023763,1.0191619267997611
35,short,2021-01-24,14:00:00,0.03007,2021-01-25,00:03:00,0.0301,1269.3968412183785,closed,-3.126253823520675,-0.24627868307282602,736.9975942679981,0.03004661806731577,0.0302,0.02917,0.8442945402184094,1.015517472974703
36,long,2021-01-25,04:00:00,0.03026,2021-01-25,07:28:00,0.03178,1459.5316077859757,closed,71.18192566152301,4.877038995373443,808.1795199295211,0.03185600328065592,0.02999,0.03262,0.9646606793033548,1.1676252862287806
37,short,2021-01-25,15:00:00,0.03084,2021-01-28,03:46:00,0.02876,1047.4450744890537,closed,69.12757096529361,6.5996368352788535,877.3070908948148,0.028759764360999297,0.03108,0.02757,0.6792769614066497,0.837956059591243
38,short,2021-01-29,00:00:00,0.02954,2021-01-29,00:26:00,0.03023,1920.157947257767,closed,-47.687519132112705,-2.483520649966146,829.6195717627021,0.030214831242451792,0.03023,0.02954,1.3000392330790569,1.5361263578062136
39,long,2021-01-29,01:00:00,0.03005,2021-01-29,04:17:00,0.03006,1708.741694742479,closed,-1.9356261993023192,-0.11327787021630754,827.6839455633998,0.030070513846294764,0.02939,0.0308,1.1372656870166251,1.3669933557939833
40,long,2021-01-30,15:00:00,0.03242,2021-01-31,15:00:00,0.03223,558.9552716269267,closed,-4.06778750668008,-0.7277483035163348,823.6161580567197,0.03232967256082385,0.03098,0.03473,0.344821265655106,0.4471642173015414
41,short,2021-01-31,17:00:00,0.03202,2021-02-01,04:37:00,0.03312,689.2098084777529,closed,-24.65864409584782,-3.577813866333532,798.9575139608719,0.033053219244457935,0.03312,0.03114,0.430487075876173,0.5513678467822023
42,short,2021-02-01,14:00:00,0.03256,2021-02-02,15:22:00,0.0335,683.101091413909,closed,-20.68705359295161,-3.0284029484029586,778.2704603679202,0.03349411470436397,0.0335,0.03159,0.41959526499625865,0.5464808731311273
43,short,2021-02-02,17:00:00,0.03292,2021-02-03,02:43:00,0.03396,1220.8510186061042,closed,-40.287193564656135,-3.2999270959902773,737.9832668032641,0.033949295252444646,0.03396,0.0329,0.7417077877315337,0.9766808148848833
44,short,2021-02-03,09:00:00,0.03368,2021-02-03,17:40:00,0.0345,1283.1521721859006,closed,-33.029129357587145,-2.574061757719719,704.9541374456769,0.03441852411447007,0.0345,0.03345,0.7619668480913899,1.0265217377487206
45,short,2021-01-29,20:00:00,0.033,2021-02-03,22:00:00,0.0354,287.91527279026957,closed,-21.344118889518647,-7.413333333333331,683.6100185561583,0.035393334721164425,0.0354,0.03065,0.1744941047213755,0.23033221823221567
46,long,2021-02-03,18:00:00,0.03438,2021-02-03,23:08:00,0.03447,1291.0850618184081,closed,1.595868260239523,0.12360674810936531,685.2058868163978,0.03447139711618818,0.03406,0.03541,0.7510675170555021,1.0328680494547267
47,short,2021-02-04,03:00:00,0.03417,2021-02-04,10:15:00,0.03332,1045.5198819861525,closed,24.559589422140167,2.3490313140181343,709.765476238538,0.03327970539996036,0.03422,0.03216,0.6119519356079325,0.8364159055889221
48,long,2021-02-04,18:00:00,0.03333,2021-02-05,09:59:00,0.0345,952.6695544674411,closed,32.108251024219676,3.3703450345034645,741.8737272627577,0.03453841086701596,0.03308,0.03578,0.5716588985703218,0.7621356435739529
49,short,2021-02-06,01:00:00,0.0358,2021-02-06,03:19:00,0.03503,899.3925195458171,closed,18.122508041887443,2.0149720670391056,759.9962353046451,0.03502650101923345,0.0358,0.03355,0.5024539215339761,0.7195140156366537
50,long,2021-02-06,18:00:00,0.03494,2021-02-07,01:59:00,0.03458,1191.376616533705,closed,-13.910259687125276,-1.1675787063537473,746.0859756175198,0.034585563637349055,0.03458,0.0357,0.6819557049420178,0.953101293226964
51,short,2021-02-07,02:00:00,0.03462,2021-02-07,07:18:00,0.03534,1071.3377348953936,closed,-23.756836907228767,-2.217492778740628,722.3291387102911,0.0353054787036135,0.03534,0.0341,0.6189126140354673,0.857070187916315
52,long,2021-02-07,09:00:00,0.03548,2021-02-07,13:42:00,0.03605,1056.2311674350974,closed,15.52838434703571,1.4701691093573876,737.8575230573268,0.036126807347122904,0.03538,0.03734,0.5953952465812274,0.8449849339480779
53,short,2021-02-07,16:00:00,0.03496,2021-02-07,23:04:00,0.0359,761.5755862878115,closed,-21.52209121377572,-2.825995423340971,716.3354318435511,0.035893561313580215,0.0359,0.0342,0.4356839738488625,0.6092604690302492
54,long,2021-02-08,00:00:00,0.036,2021-02-08,21:22:00,0.0401,830.212220616869,closed,93.426548560085,11.253333333333334,809.761980403636,0.04029689858171404,0.03535,0.04185,0.4612290114538162,0.6641697764934952
55,short,2021-02-09,13:00:00,0.04418,2021-02-09,14:48:00,0.04755,568.2509831368839,closed,-44.05738106794996,-7.753155273879596,765.704599335686,0.047117841830096305,0.04755,0.04397,0.25724354148342415,0.45460078650950714
56,long,2021-02-09,15:00:00,0.04764,2021-02-09,19:21:00,0.04728,534.9943410097464,closed,-4.695372668099637,-0.8776490344248514,761.0092266675864,0.047500789442416966,0.04652,0.05091,0.22459879975220257,0.4279954728077972
57,short,2021-02-09,23:00:00,0.04874,2021-02-10,08:14:00,0.04874,531.4890657790456,closed,-0.643282785564987,-0.12103405826836275,760.3659438820214,0.04873940289612638,0.04902,0.04525,0.2180915329417504,0.42519125262323654
58,long,2021-02-11,00:00:00,0.04634,2021-02-12,00:16:00,0.05568,526.1226457104575,closed,105.39401465903511,20.032214069918002,865.7599585410564,0.0557514121634213,0.04472,0.0591,0.22707062827382718,0.420898116568366
59,short,2021-02-12,06:00:00,0.05465,2021-02-12,19:30:00,0.05595,596.3043048975983,closed,-14.880001951966229,-2.4953705397987243,850.8799565890902,0.05592725139711961,0.05676,0.05196,0.21822664406133518,0.4770434439180786
60,long,2021-02-13,02:00:00,0.05781,2021-02-13,07:55:00,0.05482,742.4013998703105,closed,-39.24862123423,-5.286711641584501,811.6313353548602,0.055077144562294185,0.05482,0.05839,0.256841861224809,0.5939211198962484
61,short,2021-02-13,08:00:00,0.05464,2021-02-13,13:46:00,0.05492,687.5508882104557,closed,-4.325027285662318,-0.629048316251822,807.3063080691978,0.0549050366426852,0.05654,0.05168,0.251665771672934,0.5500407105683646
62,long,2021-02-13,17:00:00,0.0601,2021-02-14,03:14:00,0.05753,639.4597729874317,closed,-28.068985655951508,-4.3894841930116515,779.2373224132464,0.057556242271637595,0.05753,0.06135,0.2127985933402435,0.5115678183899454
63,short,2021-02-14,03:00:00,0.05808,2021-02-14,20:15:00,0.05595,667.6128772537671,closed,23.719752174186116,3.5529201101928374,802.9570745874325,0.05594164214848092,0.05917,0.05243,0.22989424147856996,0.5340903018030138
64,long,2021-02-14,22:00:00,0.05702,2021-02-15,01:20:00,0.05411,677.4925642682997,closed,-35.355273835808184,-5.218547877937571,767.6018007516244,0.05422102473091912,0.05411,0.0576,0.23763330910848815,0.5419940514146397
65,short,2021-02-15,02:00:00,0.05015,2021-02-15,03:29:00,0.0492,499.5097700921955,closed,8.863484630301947,1.7744366899302082,776.4652853819264,0.0491233010375942,0.05164,0.04527,0.19920628916937008,0.3996078160737564
66,long,2021-02-15,09:00:00,0.05194,2021-02-15,22:08:00,0.05066,464.5710058798302,closed,-11.999348519062371,-2.58288794763189,764.465936862864,0.0506794787005316,0.05035,0.05502,0.17888756483628426,0.37165680470386414
67,short,2021-02-15,23:00:00,0.05201,2021-02-16,02:25:00,0.05285,571.4299064379527,closed,-9.90589838653547,-1.7335281676600658,754.5600384763286,0.052838980792594796,0.05285,0.04936,0.21973847584616527,0.4571439251503622
68,long,2021-02-16,04:00:00,0.05377,2021-02-16,14:01:00,0.05177,603.4084883654068,closed,-23.151224958780904,-3.8367416775153464,731.4088135175477,0.05180804089176961,0.05177,0.05517,0.2244405759216689,0.4827267906923255
69,long,2021-02-17,00:00:00,0.05201,2021-02-17,04:40:00,0.04904,429.55508705392276,closed,-25.038312600526222,-5.828894443376274,706.3705009170216,0.04931527445201173,0.04904,0.0521,0.16518172930356578,0.3436440696431382
70,short,2021-02-17,05:00:00,0.04912,2021-02-17,09:44:00,0.05173,304.36352405129156,closed,-16.53982771368112,-5.434234527687298,689.8306732033404,0.051685524861086914,0.05173,0.04895,0.12392651630752916,0.24349081924103327
71,short,2021-02-16,12:00:00,0.05252,2021-02-17,10:03:00,0.05204,645.4977961067627,closed,5.137238210355778,0.795856816450865,694.9679114136962,0.052009684626330016,0.05337,0.04894,0.24581028031483731,0.5163982368854102
72,short,2021-02-18,00:00:00,0.05265,2021-02-18,06:19:00,0.05476,871.4960074519955,closed,-35.954300241341485,-4.125584045584048,659.0136111723548,0.05474926724982424,0.05476,0.05265,0.33105261441671247,0.6971968059615965
73,short,2021-02-18,08:00:00,0.05364,2021-02-18,16:34:00,0.05433,897.7010316735458,closed,-12.60048246009313,-1.4036390753169334,646.4131287122617,0.054218889911899985,0.05433,0.05225,0.33471328548603496,0.7181608253388366
74,long,2021-02-18,17:00:00,0.05576,2021-02-19,02:04:00,0.05483,869.72542182285,closed,-15.513555637524775,-1.783730272596844,630.899573074737,0.054897851989111034,0.05462,0.05697,0.31195316421192615,0.69578033745828
75,short,2021-02-19,15:00:00,0.05947,2021-02-20,02:59:00,0.06196,554.3924616586107,closed,-23.84228778407571,-4.300615436354463,607.0572852906613,0.06193384810450928,0.06196,0.05855,0.18644441286652455,0.4435139693268886
76,long,2021-02-20,11:00:00,0.06234,2021-02-20,14:57:00,0.06062,654.8893749118874,closed,-18.802825717874388,-2.8711453320500473,588.2544595727869,0.06083066077609584,0.06062,0.06372,0.21010246227522858,0.52391149992951
77,long,2021-02-21,06:00:00,0.05898,2021-02-22,00:54:00,0.05825,582.7829113331594,closed,-7.876995801766873,-1.3516174974567559,580.3774637710201,0.05831331285364605,0.05825,0.06129,0.19762051927201066,0.46622632906652756
78,short,2021-02-21,22:00:00,0.05884,2021-02-22,14:28:00,0.05,27.357741198134704,closed,4.078985278277863,14.909802855200544,584.4564490492979,0.049902960500080806,0.05978,0.04748,0.009299028279447554,0.021886192958507765
79,long,2021-02-22,21:00:00,0.05397,2021-02-23,02:40:00,0.05086,413.5961775553844,closed,-24.317462744311328,-5.87951825088011,560.1389863049866,0.05105672557110774,0.05086,0.05487,0.15326891886432628,0.3308769420443075
80,short,2021-02-23,03:00:00,0.05027,2021-02-23,09:27:00,0.04158,377.2367984760402,closed,64.75973916251755,17.166866918639354,624.8987254675042,0.04146216331960522,0.05179,0.03773,0.15008426436285666,0.30178943878083214
81,short,2021-02-24,17:00:00,0.04726,2021-02-25,00:43:00,0.04912,450.4336632399643,closed,-18.278571367560442,-4.05799407532796,606.6201540999438,0.048888253400641256,0.04912,0.04561,0.19061940890392057,0.3603469305919714
82,long,2021-02-25,01:00:00,0.049,2021-02-25,21:42:00,0.04704,511.7250309497065,closed,-21.08724862231937,-4.120816326530619,585.5329054776244,0.04704566800985561,0.04695,0.04995,0.20886735957130878,0.4093800247597652
83,long,2021-02-23,16:00:00,0.04502,2021-02-26,00:03:00,0.04441,260.2567555431078,closed,-3.8501813260728195,-1.4793780541981332,581.6827241515515,0.04454515650960937,0.04159,0.04995,0.11561828322661387,0.20820540443448624
84,long,2021-02-26,11:00:00,0.04516,2021-02-26,22:03:00,0.04434,534.1779680239783,closed,-10.363336465210647,-1.9400531443755566,571.3193876863409,0.044341194752017095,0.04428,0.0468,0.23657128787598689,0.4273423744191827
85,short,2021-02-26,23:00:00,0.04412,2021-02-27,00:36:00,0.04609,609.7737696855493,closed,-27.991214339280685,-4.590426110607433,543.3281733470602,0.04607688223057873,0.04609,0.04401,0.2764160334023342,0.48781901574843944
86,long,2021-02-27,01:00:00,0.0463,2021-02-27,23:03:00,0.04613,587.2508496367797,closed,-2.879685375843121,-0.4903671706263574,540.4484879712171,0.046158147464449975,0.04556,0.0483,0.25367207327722663,0.46980067970942374
87,long,2021-02-28,12:00:00,0.04497,2021-02-28,14:09:00,0.0434,653.2756275981625,closed,-23.62042454657663,-3.615690460306875,516.8280634246405,0.043439838111409286,0.0434,0.0453,0.2905384156540638,0.5226205020785301
88,short,2021-03-01,07:00:00,0.04506,2021-03-01,13:01:00,0.04692,645.7245628593582,closed,-27.457595588494183,-4.252214824678208,489.3704678361463,0.046863266739210804,0.04692,0.04506,0.28660655253411377,0.5165796502874866
89,short,2021-03-01,20:00:00,0.04649,2021-03-02,00:06:00,0.04802,689.7566642101691,closed,-23.548639694150772,-3.4140503334050414,465.8218281419955,0.047979192695785995,0.04802,0.04633,0.29673334661654943,0.5518053313681354
90,short,2021-03-02,04:00:00,0.04704,2021-03-02,09:35:00,0.04789,745.9781895255144,closed,-14.393573046671435,-1.9294897959183748,451.42825509532406,0.047888692992870005,0.04789,0.04642,0.3171675975873786,0.5967825516204115
91,long,2021-03-02,12:00:00,0.04776,2021-03-02,15:40:00,0.04723,758.9268336639117,closed,-9.346876779224853,-1.2315912897822359,442.08137831609923,0.047369559154650964,0.04723,0.04879,0.3178085568106833,0.6071414669311294
92,short,2021-03-02,17:00:00,0.04605,2021-03-03,00:25:00,0.04722,610.5992344892417,closed,-16.267265251699882,-2.6641476655808844,425.81411306439935,0.04709703840437054,0.04722,0.04543,0.2651896783883786,0.48847938759139337
93,long,2021-03-03,01:00:00,0.04711,2021-03-03,14:06:00,0.04811,665.4934814383714,closed,13.311451782660907,2.0002377414561687,439.1255648470603,0.04811284001827435,0.04693,0.04962,0.28252748097574676,0.5323947851506972
94,short,2021-03-03,16:00:00,0.04837,2021-03-04,00:53:00,0.04981,750.6195515103414,closed,-23.257194942533392,-3.0983998346082218,415.8683699045269,0.04978486479594848,0.04981,0.04837,0.3103657438537694,0.6004956412082731
95,long,2021-03-04,01:00:00,0.05056,2021-03-04,03:25:00,0.05029,653.816702877271,closed,-4.273188722950713,-0.6535759493670874,411.5951811815762,0.05039203367779977,0.05017,0.052,0.2586300248723382,0.5230533623018169
96,short,2021-03-04,05:00:00,0.0493,2021-03-04,06:00:00,0.05173,523.1651932722799,closed,-26.417613767540477,-5.04957403651116,385.1775674140357,0.05123931502833092,0.05173,0.0493,0.21223740092181745,0.41853215461782395
97,long,2021-03-04,06:00:00,0.05173,2021-03-04,09:25:00,0.05,454.15719388587974,closed,-15.727236238392823,-3.4629499323409925,369.4503311756429,0.05007635033083557,0.05,0.05227,0.17558754838039042,0.3633257551087038
98,short,2021-03-04,11:00:00,0.0505,2021-03-04,13:53:00,0.05249,393.2165339122208,closed,-15.965369923437962,-4.060198019801978,353.4849612522049,0.052332387745085876,0.05249,0.04996,0.15572932036127557,0.3145732271297767
99,long,2021-03-04,14:00:00,0.05278,2021-03-04,17:57:00,0.05077,372.78681239313096,closed,-14.63618377272722,-3.9261538461538423,338.8487774794777,0.050797639986897354,0.05077,0.0533,0.14126063372229292,0.2982294499145048
100,short,2021-03-04,18:00:00,0.05087,2021-03-04,23:20:00,0.05172,312.08763973431854,closed,-5.5871233567030885,-1.7902417928051968,333.2616541227746,0.05161160204951647,0.05172,0.04885,0.1227000745957612,0.24967011178745485
101,long,2021-03-05,13:00:00,0.04984,2021-03-10,02:08:00,0.05137,392.25780876136713,closed,11.570409066587677,2.9496950240770397,344.83206318936226,0.05144280048599571,0.04869,0.05356,0.15740682534565295,0.3138062470090937
102,long,2021-03-10,10:00:00,0.0525,2021-03-10,20:45:00,0.05154,676.611650585281,closed,-13.171373464726747,-1.946666666666658,331.6606897246355,0.05162218063923511,0.05154,0.05296,0.2577568192705833,0.5412893204682249
103,short,2021-03-10,21:00:00,0.05166,2021-03-11,13:10:00,0.05087,714.3794504823856,closed,10.076428628375924,1.4105149051490498,341.73711835301145,0.050869194015141755,0.0522,0.04967,0.2765696672405674,0.5715035603859084
104,short,2021-03-12,09:00:00,0.05111,2021-03-12,14:35:00,0.04971,847.6314101497965,closed,22.208440479524924,2.6200586969282047,363.9455588325364,0.04968029358692216,0.05115,0.04865,0.331689066777459,0.6781051281198373
105,long,2021-03-13,00:00:00,0.04993,2021-03-13,15:35:00,0.05292,816.1339630441673,closed,47.89341508554657,5.86832765872221,411.83897391808296,0.05297671452387988,0.04883,0.05409,0.3269112609830432,0.6529071704353339
106,short,2021-03-14,00:00:00,0.05292,2021-03-15,04:14:00,0.05222,731.5698224803773,closed,8.815112231332705,1.2049584278155692,420.65408614941566,0.05221957200188021,0.05388,0.05073,0.276481414391677,0.5852558579843019
107,short,2021-03-15,06:00:00,0.05071,2021-03-15,13:27:00,0.04998,742.3769412051557,closed,9.800254003250856,1.320118319858019,430.45434015266653,0.04995669391684015,0.051,0.04852,0.2927931142595763,0.5939015529641246
108,long,2021-03-15,16:00:00,0.04978,2021-03-16,00:40:00,0.04989,693.9467828313287,closed,0.699467130882765,0.10079550020088185,431.15380728354927,0.04990607634598632,0.04953,0.05145,0.278805457143965,0.555157426265063
109,short,2021-03-16,19:00:00,0.05161,2021-03-17,02:26:00,0.05304,725.9590797880082,closed,-20.976827440009583,-2.8895330362332756,410.1769798435397,0.05302258280070014,0.05304,0.05149,0.2813249679473002,0.5807672638304067
110,short,2021-03-17,10:00:00,0.05295,2021-03-17,18:44:00,0.05439,553.4042767022738,closed,-15.70184039936601,-2.8373182247403284,394.4751394441737,0.05438229700393154,0.05439,0.05242,0.20902899969868702,0.4427234213618191
111,long,2021-03-17,20:00:00,0.05409,2021-03-18,07:44:00,0.05334,597.5897827324914,closed,-8.985081120029934,-1.5035533370308758,385.4900583241438,0.05338473183535947,0.05334,0.05517,0.22096128035958268,0.4780718261859931
112,long,2021-03-18,17:00:00,0.05406,2021-03-19,00:09:00,0.05295,807.362367256604,closed,-17.521943815373216,-2.1702700702922675,367.96811450877055,0.05295940277884046,0.05295,0.05425,0.2986912198507599,0.6458898938052833
113,long,2021-03-19,04:00:00,0.05369,2021-03-20,04:20:00,0.06362,774.8024958916875,closed,142.39175670484408,18.3778133730676,510.3598712136146,0.06373508102563355,0.0534,0.06501,0.2886207844632846,0.61984199671335
114,short,2021-03-20,11:00:00,0.06391,2021-03-20,12:54:00,0.06642,614.9315500009682,closed,-24.835190764996188,-4.038691910499159,485.5246804486184,0.06603209187666585,0.06642,0.06338,0.19243672351774943,0.49194524000077455
115,long,2021-03-20,13:00:00,0.06606,2021-03-20,16:18:00,0.06546,573.0552973027113,closed,-5.836801554337401,-1.0185407205570536,479.687878894281,0.06552151261654833,0.06546,0.06832,0.17349539730630079,0.4584442378421691
116,short,2021-03-20,17:00:00,0.06471,2021-03-21,18:04:00,0.06197,489.91771919716354,closed,20.201114753962127,4.123368876526049,499.8889936482432,0.06194794039355383,0.06578,0.05878,0.1514194774214692,0.39193417535773084
117,short,2021-03-22,15:00:00,0.06358,2021-03-23,13:12:00,0.0605,584.7289561485527,closed,27.67425215773877,4.73283422459893,527.563245805982,0.06046774998330002,0.06429,0.05775,0.18393487138991907,0.4677831649188422
118,short,2021-03-23,21:00:00,0.05795,2021-03-24,01:42:00,0.06005,627.7437728174838,closed,-23.46710957171497,-3.738326143226915,504.096136234267,0.060025093060122284,0.06005,0.05759,0.216650137296802,0.502195018253987
119,short,2021-03-24,19:00:00,0.05917,2021-03-25,06:08:00,0.05536,723.3932640426003,closed,45.756598397409746,6.325272942369444,549.8527346316768,0.05534162884447491,0.05955,0.05328,0.24451352511157695,0.5787146112340803
120,long,2021-03-25,09:00:00,0.05538,2021-03-25,12:27:00,0.05377,641.3508720480863,closed,-19.38996624184903,-3.0233008306247746,530.4627683898277,0.05379603858737568,0.05377,0.05617,0.23161822753632588,0.5130806976384691
121,short,2021-03-26,21:00:00,0.06383,2021-03-27,07:32:00,0.06648,584.3085548059945,closed,-24.908992219561625,-4.262986056713144,505.5537761702661,0.06618739369959806,0.06648,0.06329,0.18308273689675533,0.4674468438447956
122,long,2021-03-28,17:00:00,0.06461,2021-03-28,18:55:00,0.06288,918.945398352391,closed,-25.62533503895246,-2.7885590465872085,479.9284411313136,0.0629227546088742,0.06288,0.0647,0.2844591853745213,0.7351563186819128
123,short,2021-03-28,19:00:00,0.06271,2021-03-29,00:24:00,0.06408,811.8142446447911,closed,-18.64373938895864,-2.296552383989788,461.28470174235497,0.0640436452607156,0.06408,0.06219,0.25891061860781095,0.6494513957158329
124,short,2021-03-29,17:00:00,0.06505,2021-03-30,08:15:00,0.06578,1057.5481339051876,closed,-13.039137668214076,-1.2329592621060854,448.2455640741409,0.06567868577355129,0.06578,0.06426,0.32514931096239436,0.8460385071241501
125,short,2021-03-30,16:00:00,0.06518,2021-03-31,00:43:00,0.06627,1067.1694860823736,closed,-19.02737979800103,-1.7829763731205792,429.2181842761398,0.06623888499190546,0.06627,0.06487,0.32745304881324755,0.853735588865899
126,long,2021-03-31,01:00:00,0.066,2021-03-31,03:09:00,0.06739,957.2317532738463,closed,19.104025233519884,1.9957575757575792,448.32220950965973,0.06748029563032469,0.06594,0.06896,0.2900702282648019,0.765785402619077
127,short,2021-04-01,02:00:00,0.08836,2021-04-01,09:56:00,0.09349,262.48429814828813,closed,-15.508698795056505,-5.908429153463117,432.81351071460324,0.09228592764438315,0.09349,0.08474,0.059412471287525616,0.20998743851863053
128,long,2021-04-02,06:00:00,0.09007,2021-04-02,13:39:00,0.08589,362.18912151019697,closed,-17.178774394164176,-4.743039857888313,415.63473632043906,0.0861883484545978,0.08589,0.09157,0.08042391950931432,0.28975129720815757
129,short,2021-04-02,14:00:00,0.08705,2021-04-02,22:30:00,0.09095,360.7117554312787,closed,-16.531993658114263,-4.583159103963239,399.1027426623248,0.09086522382510587,0.09095,0.08585,0.08287461353963899,0.28856940434502293
130,long,2021-04-02,23:00:00,0.09241,2021-04-03,01:44:00,0.08877,408.43461020588455,closed,-16.5032510249631,-4.040610323558061,382.59949163736167,0.08924506865874633,0.08877,0.09376,0.08839619309725887,0.3267476881647077
131,short,2021-04-03,06:00:00,0.08976,2021-04-03,08:10:00,0.09277,419.65671244731755,closed,-14.501944606982939,-3.4556684491978595,368.09754703037873,0.09251169320432123,0.09277,0.08842,0.09350639760412602,0.33572536995785407
132,long,2021-04-03,09:00:00,0.09109,2021-04-03,13:06:00,0.10092,394.28774462926594,closed,42.14765878017863,10.689568558568439,410.24520581055737,0.10096802843662764,0.09038,0.10522,0.08657102747376573,0.3154301957034128
133,short,2021-04-03,21:00:00,0.10244,2021-04-04,01:14:00,0.10781,256.28079541080854,closed,-13.689537397596295,-5.3416165560327995,396.5556684129611,0.10750911589861194,0.10781,0.09931,0.050035297815464376,0.20502463632864684
134,short,2021-04-04,14:00:00,0.11689,2021-04-04,20:15:00,0.12095,259.8518569752673,closed,-9.277909515857337,-3.570461117289767,387.27775889710375,0.12037919584881072,0.12095,0.11146,0.04446092171704463,0.20788148558021385
135,long,2021-04-04,22:00:00,0.1225,2021-04-05,05:21:00,0.13416,278.40272913181167,closed,26.231218772566294,9.422040816326533,413.50897766967006,0.13420969461132085,0.12085,0.14273,0.04545350679703048,0.22272218330544935
136,long,2021-04-04,05:00:00,0.11135,2021-04-05,05:23:00,0.134,253.6239650645499,closed,51.34187253347835,20.243304894476875,464.8508502031484,0.13402489327506079,0.11004,0.14273,0.0455543718122227,0.20289917205163993
137,short,2021-04-05,07:00:00,0.1295,2021-04-05,09:09:00,0.13785,273.6326143548277,closed,-17.904658849398203,-6.543320463320461,446.94619135375024,0.13756981909014085,0.13785,0.12657,0.04225986322082281,0.21890609148386217
138,long,2021-04-05,19:00:00,0.14578,2021-04-05,22:39:00,0.13782,288.07456325264917,closed,-15.999666776107258,-5.554001920702426,430.946524577643,0.13814115429007762,0.13782,0.14945,0.03952182236968709,0.23045965060211934
139,short,2021-04-05,23:00:00,0.13649,2021-04-06,16:37:00,0.12267,250.64726828588496,closed,25.141502130753462,10.030630815444356,456.08802670839646,0.12223359908166107,0.13874,0.1105,0.03672756513823503,0.200517814628708
140,long,2021-04-06,22:00:00,0.12276,2021-04-07,04:20:00,0.11517,241.80748856489393,closed,-15.183304152947409,-6.279087650700554,440.90472255544904,0.1153427394091443,0.11517,0.12692,0.03939515942732062,0.19344599085191516
141,short,2021-04-07,06:00:00,0.11658,2021-04-07,23:11:00,0.11504,232.5058135621237,closed,2.8454658982533028,1.2238256990907528,443.7501884537023,0.11488363168516649,0.11846,0.10383,0.03988777038293424,0.18600465084969897
142,long,2021-04-07,17:00:00,0.11225,2021-04-09,23:18:00,0.11453,215.75905278810276,closed,4.17140575822487,1.9333630289532338,447.9215942119272,0.11462082768317146,0.10397,0.12609,0.03844259292438357,0.1726072422304822
143,short,2021-04-08,21:00:00,0.12036,2021-04-10,09:36:00,0.12039,345.57659077145144,closed,-0.4200208400695818,-0.12154204054503344,447.5015733718576,0.12036763174772017,0.12523,0.11264,0.05742382698096568,0.27646127261716114
144,long,2021-04-10,04:00:00,0.1193,2021-04-10,13:28:00,0.117,511.7250172023755,closed,-10.360780180647982,-2.0246772841575833,437.14079319120964,0.11724222166283253,0.11537,0.12209,0.085787932473156,0.4093800137619004
145,short,2021-04-11,03:00:00,0.12173,2021-04-11,16:33:00,0.1247,417.7941573303084,closed,-10.59632791123862,-2.53625564774501,426.544465279971,0.12445834525106775,0.1247,0.11809,0.06864275976839043,0.33423532586424676
146,long,2021-04-11,17:00:00,0.12162,2021-04-12,07:29:00,0.13165,459.06052835260675,closed,37.41597710609266,8.150554185166897,463.9604423860637,0.1321897279047804,0.12056,0.13784,0.07549096009745218,0.3672484226820854
147,short,2021-04-12,10:00:00,0.12785,2021-04-12,17:04:00,0.13288,400.49434190671735,closed,-16.139687038866988,-4.029941337504894,447.82075534719667,0.13287551567803102,0.13288,0.12547,0.0626506596647192,0.3203954735253739
148,long,2021-04-12,19:00:00,0.13545,2021-04-12,23:43:00,0.12876,386.774218840137,closed,-19.469663069552062,-5.033857511997029,428.3510922776446,0.1289685619778798,0.12876,0.13681,0.057109519208584286,0.3094193750721096
149,short,2021-04-12,23:00:00,0.13182,2021-04-13,09:56:00,0.13581,305.2326825352952,closed,-9.529446781489714,-3.122027006524043,418.82164549615493,0.1357903465053565,0.13581,0.12845,0.046310526860157075,0.24418614602823618
150,long,2021-04-13,10:00:00,0.13605,2021-04-13,13:59:00,0.13921,401.410989428273,closed,8.943336528595387,2.2279750091877952,427.76498202475034,0.13951245080847074,0.13384,0.14661,0.059009333249286734,0.3211287915426184
151,short,2021-04-14,00:00:00,0.14643,2021-04-14,03:27:00,0.15462,299.83883276079916,closed,-17.051158486588083,-5.686774568052996,410.7138235381623,0.1543852158082963,0.15462,0.14394,0.0409531971263811,0.23987106620863935
152,long,2021-04-14,04:00:00,0.15356,2021-04-14,08:48:00,0.14392,295.13192697838593,closed,-18.801971747698957,-6.37070070330816,391.9118517904633,0.14650508098967227,0.14392,0.15719,0.0384386463894746,0.23610554158270877
153,short,2021-04-14,07:00:00,0.15199,2021-04-15,04:21:00,0.14264,304.06829299536696,closed,18.422165285643004,6.0585617474833855,410.3340170761063,0.1424748640909949,0.15281,0.13221,0.040011618263749854,0.24325463439629358
154,long,2021-04-14,23:00:00,0.14114,2021-04-16,01:06:00,0.15715,268.7417088002239,closed,30.231229700237606,11.24917670398188,440.5652467763439,0.15870862412673997,0.13636,0.169,0.038081579821485606,0.2149933670401791
155,short,2021-04-16,02:00:00,0.15767,2021-04-16,14:32:00,0.14657,298.8565530509312,closed,20.76256762623635,6.947335574300754,461.32781440258026,0.14645161608137602,0.16093,0.13483,0.037909120701583206,0.23908524244074497
156,long,2021-04-16,17:00:00,0.16671,2021-04-17,10:08:00,0.16359,228.14583539151303,closed,-4.479666948016572,-1.963510287325286,456.8481474545637,0.16374500025672722,0.15607,0.1806,0.027370383947155307,0.18251666831321042
157,short,2021-04-17,10:00:00,0.16636,2021-04-18,03:59:00,0.13594,280.21803902997357,closed,50.98181490822779,18.19362346717961,507.82996236279143,0.1355840675678278,0.16951,0.12189,0.03368815088121827,0.22417443122397887
158,long,2021-04-18,15:00:00,0.13341,2021-04-19,14:30:00,0.13433,254.50887180449888,closed,1.5133405423438984,0.594612098043628,509.3433029051353,0.13452013091793869,0.13279,0.14783,0.03815439199527755,0.20360709744359912
159,short,2021-04-19,10:00:00,0.13998,2021-04-20,09:29:00,0.12637,381.0143022802199,closed,36.68607559909726,9.628529789969983,546.0293785042326,0.1263185262135991,0.14147,0.11699,0.05443839152453493,0.30481144182417597
160,long,2021-04-20,09:00:00,0.12503,2021-04-21,11:01:00,0.12601,338.22131981141627,closed,2.3263394203482797,0.6878157242261926,548.3557179245809,0.12612557378971007,0.12444,0.13554,0.05410242658744562,0.27057705584913305
161,short,2021-04-21,06:00:00,0.13158,2021-04-21,15:54:00,0.13197,498.241314295739,closed,-1.951100566721997,-0.39159750721994324,546.4046173578589,0.13192001486249103,0.13308,0.12471,0.075732073916361,0.39859305143659124
162,long,2021-04-21,16:00:00,0.13262,2021-04-21,22:36:00,0.12619,538.9970036581136,closed,-26.64542376485402,-4.94351983109636,519.7591935930049,0.12655786797865362,0.12619,0.13328,0.08128442220752732,0.4311976029264909
163,short,2021-04-21,19:00:00,0.1295,2021-04-22,12:19:00,0.12525,37.038068498723646,closed,1.1801844467423428,3.1864092664092696,520.9393780397472,0.12499777844420476,0.13061,0.11886,0.0057201650191078994,0.029630454798978918
164,long,2021-04-22,12:00:00,0.12366,2021-04-22,18:20:00,0.123,514.7424045536097,closed,-3.242336015640774,-0.6298948730389841,517.6970420241064,0.1233667391659281,0.123,0.12961,0.08325123799993688,0.4117939236428878
165,short,2021-04-22,21:00:00,0.11703,2021-04-23,03:08:00,0.09753,447.8259865517396,closed,74.18373885211454,16.5653046227463,591.8807808762209,0.09717446729840246,0.11703,0.09041,0.07653182714718272,0.3582607892413917
166,long,2021-04-23,11:00:00,0.10058,2021-04-24,11:09:00,0.1037,292.79431672706755,closed,8.790047523889262,3.002123682640682,600.6708284001102,0.10400392683198435,0.09811,0.11417,0.05822118049852208,0.23423545338165405
167,short,2021-04-24,11:00:00,0.10474,2021-04-25,15:20:00,0.10958,380.4165247888385,closed,-17.955892418549364,-4.720061103685314,582.7149359815608,0.10946812040872655,0.10958,0.10132,0.07264016131159796,0.3043332198310708
168,long,2021-04-25,09:00:00,0.10515,2021-04-25,19:55:00,0.10434,569.7456628966863,closed,-4.953075657319202,-0.8693485496909096,577.7618603242415,0.10443712870501265,0.1028,0.10998,0.10836817173498553,0.45579653031734907
169,short,2021-04-25,20:00:00,0.1042,2021-04-25,23:31:00,0.10174,614.025744770588,closed,13.88711738153705,2.2616506717850324,591.6489777057785,0.10152230143919119,0.10522,0.09662,0.11785522932256967,0.4912205958164704
170,short,2021-04-26,17:00:00,0.11259,2021-04-27,01:26:00,0.11849,451.76941316870455,closed,-24.115522697767684,-5.338015809574564,567.5334550080108,0.11830316631473627,0.11849,0.11246,0.08025036205146187,0.36141553053496367
171,long,2021-04-26,02:00:00,0.10924,2021-04-27,14:07:00,0.12224,501.29509507203727,closed,59.16332069833859,11.802094470889783,626.6967757063494,0.12252352416571206,0.10717,0.12897,0.09177866991432393,0.4010360760576298
172,short,2021-04-27,14:00:00,0.12384,2021-04-27,15:45:00,0.12686,331.1917996798661,closed,-8.394984698035167,-2.534780361757102,618.3017910083142,0.12678162321119874,0.12686,0.12101,0.053487047751916365,0.2649534397438929
173,long,2021-04-28,18:00:00,0.12206,2021-04-29,16:52:00,0.11983,713.0575543889397,closed,-13.71463330694808,-1.9233557266917876,604.5871577013662,0.1200980066576709,0.11983,0.12539,0.11683722011943957,0.5704460435111518
174,long,2021-04-30,00:00:00,0.12127,2021-04-30,20:07:00,0.12828,974.8417931176492,closed,55.40998501270939,5.6839976911025,659.9971427140756,0.12842947777310793,0.11889,0.13219,0.1607721271736867,0.7798734344941194
175,short,2021-05-01,05:00:00,0.13161,2021-05-02,02:40:00,0.13195,1009.3758665732151,closed,-3.5685014680200977,-0.3535354456348354,656.4286412460555,0.13194276900950153,0.13296,0.12764,0.15338893193119293,0.8075006932585722
176,short,2021-05-02,04:00:00,0.12684,2021-05-02,05:28:00,0.12911,1058.470462901306,closed,-19.95665779608567,-1.8854241564175294,636.4719834499698,0.1291031002504986,0.12911,0.12517,0.16689852773593597,0.8467763703210449
177,long,2021-05-02,15:00:00,0.12806,2021-05-03,13:39:00,0.13324,1171.2569370762433,closed,46.2571674576278,3.9493612369201854,682.7291509075976,0.1333105498631212,0.12683,0.13679,0.18292315119104222,0.9370055496609947
178,short,2021-05-03,19:00:00,0.13346,2021-05-04,01:15:00,0.12582,1205.0888428009116,closed,67.8413911027633,5.62957590289226,750.5705420103609,0.12569051099819123,0.13349,0.12191,0.18059176424410486,0.9640710742407294
179,long,2021-05-04,11:00:00,0.12921,2021-05-04,14:11:00,0.12427,1000.5721272698416,closed,-39.20954176077726,-3.9187121739803312,711.3610002495836,0.12436371170703198,0.12427,0.12921,0.1548753389474254,0.8004577018158734
180,short,2021-05-04,15:00:00,0.12375,2021-05-04,18:49:00,0.12343,848.4148810064372,closed,1.3780314430892489,0.16242424242424305,712.7390316926729,0.1232979643881575,0.12433,0.11811,0.1371175565262929,0.6787319048051498
181,long,2021-05-04,21:00:00,0.12384,2021-05-05,00:02:00,0.11861,838.4870441535322,closed,-36.21711539280066,-4.319341085271327,676.5219162998723,0.11879661505563713,0.11861,0.12406,0.13541457431420093,0.6707896353228258
182,long,2021-05-05,01:00:00,0.12319,2021-05-06,00:27:00,0.14361,727.4149558130824,closed,119.87642584513019,16.47978569689098,796.3983421450024,0.1438414447783229,0.12164,0.14957,0.1180964292252752,0.5819319646504659
183,short,2021-05-06,06:00:00,0.14393,2021-05-06,13:00:00,0.1457,761.1723384493181,closed,-10.075334631853561,-1.3236601125547098,786.3230075131488,0.14566954407266355,0.1457,0.13814,0.10576979621334233,0.6089378707594545
184,long,2021-05-06,14:00:00,0.15046,2021-05-06,18:34:00,0.14919,735.7482931213459,closed,-6.8966891444435845,-0.9373707297620768,779.4263183687052,0.1506398753529887,0.14718,0.15868,0.09779985286738613,0.5885986344970767
185,short,2021-05-06,20:00:00,0.14859,2021-05-06,22:37:00,0.15561,543.0221315625723,closed,-26.162096594815363,-4.817869304798438,753.2642217738899,0.15544392600916124,0.15561,0.14478,0.073089996845356,0.4344177052500579
186,long,2021-05-07,01:00:00,0.16671,2021-05-07,03:22:00,0.15682,484.30507084394003,closed,-29.176738352538926,-6.024454441845125,724.087483421351,0.15718537439809396,0.15682,0.17015,0.05810150211072402,0.387444056675152
187,long,2021-05-07,10:00:00,0.16466,2021-05-07,16:22:00,0.15346,457.4911454415913,closed,-31.539627386501756,-6.89404105429369,692.5478560348492,0.15399933850981148,0.15346,0.16703,0.05556797588261768,0.3659929163532731
188,long,2021-05-08,09:00:00,0.14911,2021-05-08,15:43:00,0.14406,588.3864330579482,closed,-20.47687382757973,-3.4801743679163026,672.0709822072695,0.14439466078316374,0.14406,0.15317,0.07891978177961885,0.47070914644635864
189,short,2021-05-08,16:00:00,0.14305,2021-05-09,21:18:00,0.1435,595.485702450663,closed,-2.432895239009105,-0.4085564487941127,669.6380869682604,0.14348238138624456,0.14715,0.13541,0.08325560327866662,0.4763885619605304
190,short,2021-05-10,10:00:00,0.14398,2021-05-10,20:23:00,0.12657,884.3667193641631,closed,106.10690619210699,11.998066398110856,775.7449931603674,0.12655104704024875,0.14518,0.1211,0.12284577293570818,0.7074933754913305
191,short,2021-05-07,06:00:00,0.15876,2021-05-11,15:12:00,0.13474,423.2710501114336,closed,63.64793646473834,15.037157974300838,839.3929296251057,0.1346794934283492,0.16703,0.1211,0.05332212775402288,0.33861684008914694
192,long,2021-05-11,07:00:00,0.1285,2021-05-12,08:27:00,0.13943,630.4994643542634,closed,53.02672226590967,8.410272373540852,892.4196518910154,0.13952489957908218,0.12739,0.14743,0.09813221235085813,0.5043995714834107
193,short,2021-05-12,08:00:00,0.14073,2021-05-13,00:08:00,0.11451,899.5118815765359,closed,166.74440880856835,18.53721026078306,1059.1640606995838,0.11361621493309815,0.14257,0.10705,0.1278351284838394,0.7196095052612287
194,long,2021-05-13,07:00:00,0.1266,2021-05-13,09:41:00,0.1179,774.1275119877531,closed,-53.93993316704041,-6.967835703001568,1005.2241275325434,0.11793927111437626,0.1179,0.1266,0.12229502559048233,0.6193020095902025
195,long,2021-05-13,13:00:00,0.12197,2021-05-13,17:09:00,0.11528,695.9989432920867,closed,-38.84615645142717,-5.581352791670085,966.3779710811162,0.11531199906718174,0.11528,0.12412,0.11412625125720861,0.5567991546336694
196,short,2021-05-13,10:00:00,0.117,2021-05-14,00:04:00,0.12198,662.1644453897051,closed,-28.82735742766667,-4.353504273504272,937.5506136534495,0.12189081682278259,0.12412,0.11301,0.11319050348541967,0.529731556311764
197,short,2021-05-13,19:00:00,0.11386,2021-05-14,00:09:00,0.12268,632.4153559053996,closed,-49.606158406309845,-7.843920604250829,887.9444552471397,0.12255932985970656,0.12268,0.11386,0.11108648443797639,0.5059322847243197
198,short,2021-05-14,19:00:00,0.12519,2021-05-15,14:47:00,0.12395,1043.3716930340786,closed,9.333155233651391,0.8945187315280703,897.277610480791,0.12356704534225643,0.12602,0.11824,0.16668610800129063,0.8346973544272629
199,long,2021-05-15,15:00:00,0.12509,2021-05-15,16:07:00,0.12215,1160.5541908563441,closed,-28.390593843809807,-2.4462962666879946,868.8870166369812,0.12227435952843259,0.12215,0.12711,0.18555507088597717,0.9284433526850754
200,short,2021-05-16,14:00:00,0.12639,2021-05-17,06:09:00,0.11404,1037.8785945332165,closed,100.42013679993762,9.675518632803227,969.3071534369188,0.11394053352729272,0.12685,0.10865,0.16423428982248858,0.8303028756265732
201,long,2021-05-17,08:00:00,0.11693,2021-05-17,15:49:00,0.11309,857.9720746380486,closed,-29.00906822759615,-3.3811203284016162,940.2980852093227,0.11319482666150912,0.11309,0.1198,0.14674969206158361,0.686377659710439
202,short,2021-05-17,17:00:00,0.11178,2021-05-18,03:01:00,0.11662,860.5303079451375,closed,-38.10278546136206,-4.427826086956519,902.1952997479607,0.11642707833264364,0.11662,0.11032,0.1539685646708065,0.68842424635611
203,long,2021-05-17,21:00:00,0.11572,2021-05-18,14:02:00,0.11395,398.8388863209241,closed,-6.4884593437133,-1.6268371932250325,895.7068404042474,0.11428866398743662,0.11053,0.11994,0.06893171211906741,0.3190711090567393
204,short,2021-05-18,14:00:00,0.11522,2021-05-18,17:31:00,0.11701,1082.0585251082211,closed,-17.86378889998486,-1.6509078285019962,877.8430515042625,0.11698338817286077,0.11701,0.11218,0.18782477436351697,0.865646820086577
205,long,2021-05-18,22:00:00,0.11649,2021-05-19,01:21:00,0.1131,1067.454521541032,closed,-32.10145197206937,-3.007289896128415,845.741599532193,0.11322010333432736,0.1131,0.11801,0.18326972642132924,0.8539636172328255
206,short,2021-05-19,02:00:00,0.11041,2021-05-19,11:40:00,0.09328,876.3259255812428,closed,135.1012813181806,15.416784711529749,980.8428808503736,0.0931578310773708,0.11141,0.08783,0.1587403180112749,0.7010607404649943
207,long,2021-05-19,20:00:00,0.08499,2021-05-21,15:57:00,0.07893,297.4058012683327,closed,-21.513689692332015,-7.233782797976226,959.3291911580416,0.07895516974316508,0.07329,0.09297,0.0699860692477545,0.23792464101466618
208,short,2021-05-21,06:00:00,0.08869,2021-05-21,22:34:00,0.07738,727.012693915755,closed,91.96516303585706,12.649732777088735,1051.2943541938987,0.07689276727701126,0.09031,0.07091,0.1639446823578205,0.5816101551326041
209,long,2021-05-22,03:00:00,0.07689,2021-05-22,05:26:00,0.07146,680.0334093682528,closed,-48.74512025145065,-7.168047860580054,1002.549233942448,0.0716866138530559,0.07146,0.07763,0.1768847468769028,0.5440267274946022
210,short,2021-05-22,04:00:00,0.07529,2021-05-22,10:51:00,0.07695,662.0901625960151,closed,-15.303366819428803,-2.311372028157802,987.2458671230193,0.07694742999359096,0.07695,0.07097,0.17587731773037993,0.5296721300768121
211,long,2021-05-22,09:00:00,0.07483,2021-05-23,06:38:00,0.07256,665.1848653806728,closed,-20.888600407629102,-3.1402699452091336,966.3572667153901,0.07262090904345964,0.07256,0.07826,0.17778561148755123,0.5321478923045383
212,short,2021-05-23,06:00:00,0.07378,2021-05-23,17:06:00,0.05975,940.6800060723629,closed,177.87210881533466,18.90888587693142,1144.2293755307248,0.05937161413053006,0.07425,0.0555,0.25499593550348687,0.7525440048578903
213,long,2021-05-23,22:00:00,0.06217,2021-05-25,02:57:00,0.07549,687.9309853417216,closed,146.6184199703706,21.312954801351133,1290.8477955010953,0.07554966011180549,0.06167,0.08072,0.22130641317089322,0.5503447882733773
214,short,2021-05-25,04:00:00,0.07575,2021-05-25,22:12:00,0.07614,1039.0049446207147,closed,-6.4548610816964995,-0.6212541254125432,1284.392934419399,0.07613554644688927,0.07828,0.07143,0.2743247378536541,0.8312039556965718
215,long,2021-05-25,23:00:00,0.07702,2021-05-26,13:21:00,0.08003,1253.248818327125,closed,47.64988038961384,3.802108543235522,1332.0428148090127,0.08027329993683821,0.07592,0.08422,0.32543464511221115,1.0025990546617
216,short,2021-05-26,14:00:00,0.07882,2021-05-26,23:48:00,0.08287,1253.5457167233872,closed,-65.73172603118363,-5.243664044658713,1266.3110887778291,0.08286778562530936,0.08287,0.07868,0.3180780808737344,1.0028365733787097
217,long,2021-05-27,10:00:00,0.081,2021-05-27,20:57:00,0.07875,1440.0252895640062,closed,-41.50828451943265,-2.882469135802472,1224.8028042583965,0.07876856260947822,0.07875,0.08233,0.3555617998923472,1.1520202316512052
218,long,2021-05-28,16:00:00,0.0737,2021-05-28,21:42:00,0.07018,1269.5320604476647,closed,-61.9945061637547,-4.883256445047484,1162.8082980946417,0.07020483312055888,0.07018,0.07376,0.3445134492395291,1.0156256483581318
219,short,2021-05-29,11:00:00,0.07141,2021-05-30,04:32:00,0.0693,1447.3517221538907,closed,41.202643749032696,2.846760957849041,1204.0109418436743,0.0692885543153038,0.07218,0.06642,0.4053638768110603,1.1578813777231127
220,short,2021-05-30,23:00:00,0.07209,2021-05-31,06:50:00,0.07187,2072.400941978584,closed,4.091561676653123,0.1974309890414731,1208.1025035203274,0.0718241205690305,0.07273,0.06973,0.5749482430236049,1.6579207535828673
221,long,2021-05-31,08:00:00,0.0734,2021-05-31,14:09:00,0.07377,2010.3243826446917,closed,7.977755942462349,0.39683923705721436,1216.0802594627899,0.07380451703108391,0.0728,0.07601,0.5477723113473275,1.6082595061157534
222,short,2021-05-31,20:00:00,0.07496,2021-06-01,00:03:00,0.07721,2102.176179301606,closed,-65.34155853968795,-3.108281750266811,1150.738700923102,0.07687816690120652,0.07721,0.07471,0.5608794501871949,1.681740943441285
223,short,2021-06-01,03:00:00,0.07579,2021-06-01,23:24:00,0.07575,2025.4406011212338,closed,-1.0858649228758581,-0.05361129436601351,1149.6528360002262,0.0757229756561284,0.07718,0.07357,0.5344875580211728,1.6203524808969871
224,short,2021-06-02,22:00:00,0.07803,2021-06-03,05:05:00,0.07899,2443.2586674395393,closed,-32.64015728754326,-1.3359272074843043,1117.012678712683,0.07897581484819019,0.07899,0.07714,0.6262357215018683,1.9546069339516314
225,long,2021-06-03,06:00:00,0.07944,2021-06-03,11:25:00,0.07991,2514.3608301790127,closed,12.23149186934812,0.48646525679758085,1129.244170582031,0.07991542655191185,0.0793,0.08168,0.6330213570440617,2.01148866414321
226,short,2021-06-03,14:00:00,0.07955,2021-06-03,23:06:00,0.08148,2237.9169413889763,closed,-56.64813412769958,-2.5312884978001273,1072.5960364543314,0.0814170310052268,0.08148,0.07941,0.5626441084573166,1.790333553111181
227,long,2021-06-04,00:00:00,0.0822,2021-06-04,01:12:00,0.08075,2268.0136090444594,closed,-42.37377834824944,-1.8683211678832035,1030.2222581060819,0.08092628604156189,0.08075,0.08287,0.5518281287212797,1.8144108872355675
228,short,2021-06-04,02:00:00,0.07899,2021-06-04,12:50:00,0.07604,1695.6202664769526,closed,61.53966001896788,3.629330294974057,1091.7619181250498,0.07601963091314307,0.07925,0.07362,0.4293252985129643,1.356496213181562
229,long,2021-06-04,16:00:00,0.07636,2021-06-05,09:52:00,0.07636,1591.9648194073616,closed,-1.6905348778955491,-0.10619172341540073,1090.0713832471542,0.07707163371917151,0.07593,0.07969,0.41696302236966,1.2735718555258893
230,short,2021-06-05,10:00:00,0.0769,2021-06-06,04:02:00,0.07656,1781.254187170283,closed,5.987237741219278,0.3361248374512264,1096.0586209883736,0.07649301873184292,0.07731,0.07414,0.46326506818472907,1.4250033497362264
231,short,2021-06-06,19:00:00,0.07646,2021-06-07,00:03:00,0.07766,2738.4805338122223,closed,-45.88613168379748,-1.6756055453832155,1050.1724893045762,0.07759013032457286,0.07766,0.07606,0.7163171681434011,2.190784427049778
232,short,2021-06-07,08:00:00,0.07755,2021-06-07,10:45:00,0.07841,2903.5932906477947,closed,-35.27145098029462,-1.2147517730496449,1014.9010383242816,0.07838241535906361,0.07841,0.07698,0.7488312806312818,2.3228746325182357
233,long,2021-06-07,13:00:00,0.07835,2021-06-07,16:27:00,0.077,2792.965011862939,closed,-51.071156518134096,-1.8285641352903688,963.8298818061475,0.0770064680900949,0.077,0.07843,0.7129457592502716,2.234372009490351
234,long,2021-06-08,10:00:00,0.07031,2021-06-08,14:08:00,0.0693,1452.181960253194,closed,-22.435354145372028,-1.5449409756791312,941.3945276607755,0.06947672218617924,0.0693,0.07181,0.4130797781974667,1.1617455682025553
235,short,2021-06-10,05:00:00,0.07445,2021-06-10,10:02:00,0.07564,1690.3836612871844,closed,-28.825298603408356,-1.705251846877094,912.5692290573671,0.07551310399968536,0.07564,0.07344,0.45409903594014356,1.3523069290297476
236,long,2021-06-10,11:00:00,0.07581,2021-06-10,12:22:00,0.07472,1566.4322336227108,closed,-24.18863951228032,-1.5441867827463496,888.3805895450868,0.07477173743460191,0.07472,0.07698,0.41325213919607195,1.2531457868981686
237,short,2021-06-10,13:00:00,0.07471,2021-06-12,10:41:00,0.06813,1410.382215962375,closed,122.71197446699966,8.700618391112304,1011.0925640120864,0.06809294068138917,0.07495,0.06574,0.3775618299992974,1.1283057727699002
238,short,2021-06-13,04:00:00,0.06712,2021-06-13,16:16:00,0.06835,1979.9040342476494,closed,-38.4563910880887,-1.9423361144219233,972.6361729239977,0.06828383389605243,0.06835,0.06657,0.5899594857710517,1.5839232273981196
239,short,2021-06-14,05:00:00,0.0708,2021-06-14,13:24:00,0.07165,2145.8550860214796,closed,-28.085242329250725,-1.308813559322039,944.550930594747,0.07158455012762986,0.07165,0.06998,0.6061737531134124,1.7166840688171838
240,long,2021-06-14,15:00:00,0.07185,2021-06-14,18:35:00,0.07114,2166.0145434119863,closed,-23.739639981156245,-1.0960055671537958,920.8112906135907,0.07116339038120383,0.07114,0.07273,0.6029268040116873,1.7328116347295892
241,short,2021-06-14,19:00:00,0.07074,2021-06-15,00:02:00,0.07233,1943.76153350993,closed,-45.79385668158605,-2.3559400621996156,875.0174339320047,0.07216557052588603,0.07233,0.07049,0.5495509000593526,1.555009226807944
242,long,2021-06-15,01:00:00,0.07203,2021-06-15,08:49:00,0.07144,1979.8448838411414,closed,-18.350575603631054,-0.9268693599888842,856.6668583283737,0.07152827162065745,0.07144,0.07312,0.5497278589035517,1.5838759070729131
243,short,2021-06-15,09:00:00,0.07148,2021-06-15,18:02:00,0.07253,1924.2527014368304,closed,-30.343968341023547,-1.5769222160044702,826.3228899873501,0.07244112540124248,0.07253,0.07085,0.5384031061658732,1.5394021611494644
244,long,2021-06-16,04:00:00,0.07209,2021-06-16,10:41:00,0.07112,1936.59586020011,closed,-28.1442260791728,-1.453283395755304,798.1786639081773,0.07119200184655376,0.07112,0.07273,0.5372717048689444,1.5492766881600881
245,short,2021-06-16,11:00:00,0.07113,2021-06-16,18:04:00,0.07028,1994.7790873349475,closed,21.680806035460506,1.0868775481512776,819.8594699436378,0.0701530760870779,0.07113,0.06873,0.5608826338633341,1.595823269867958
246,long,2021-06-17,01:00:00,0.0698,2021-06-17,17:21:00,0.07079,1639.6981422179745,closed,21.474877560028528,1.3096848137535884,841.3343475036663,0.07083497786669876,0.06978,0.07258,0.46982754791345976,1.3117585137743797
247,short,2021-06-17,18:00:00,0.07077,2021-06-17,21:34:00,0.07193,1915.7224635000591,closed,-33.474820544348994,-1.7473731807262884,807.8595269593173,0.07191401507544187,0.07193,0.07036,0.541393941924561,1.5325779708000473
248,long,2021-06-17,22:00:00,0.07223,2021-06-18,01:30:00,0.07239,1761.1242133932158,closed,2.0046045732843023,0.11382528035441435,809.8641315326016,0.07245333963531614,0.07155,0.07411,0.4876434205712906,1.4088993707145727
249,short,2021-06-18,06:00:00,0.07217,2021-06-18,08:07:00,0.07397,1515.856871634511,closed,-39.43991989352216,-2.6018234723569296,770.4242116390794,0.07390788301674171,0.07397,0.07198,0.4200794988595015,1.2126854973076089
250,short,2021-06-18,13:00:00,0.07255,2021-06-20,15:19:00,0.06563,1163.3490968515832,closed,109.71175722528835,9.430682288077202,880.1359688643678,0.06562230025130393,0.07307,0.06322,0.3207027145007811,0.9306792774812667
251,long,2021-06-20,18:00:00,0.06588,2021-06-21,02:39:00,0.06613,1618.881705021595,closed,4.356728153817685,0.26911961141469376,884.4926970181855,0.0661591539656997,0.06583,0.06795,0.49146378415956143,1.295105364017276
252,short,2021-06-21,05:00:00,0.06535,2021-06-21,11:49:00,0.05965,1585.1321916775325,closed,136.506199506465,8.611660290742162,1020.9988965246505,0.059423242189314426,0.06627,0.0576,0.4851207931683344,1.2681057533420261
253,long,2021-06-21,20:00:00,0.05892,2021-06-21,21:54:00,0.05645,1015.67620579849,closed,-43.73572074125522,-4.306069246435845,977.2631757833952,0.05645856137222695,0.05645,0.05942,0.34476449619772237,0.812540964638792
254,short,2021-06-21,22:00:00,0.05527,2021-06-22,01:16:00,0.0553,851.9410692701463,closed,-1.4522612589534651,-0.17046499004885518,975.8109145244417,0.05495001595966146,0.05615,0.05178,0.3082833614149254,0.6815528554161171
255,long,2021-06-22,04:00:00,0.05598,2021-06-22,08:35:00,0.05266,820.7351554110123,closed,-49.62506649290302,-6.04641657734906,926.1858480315387,0.052722136277157376,0.05266,0.05605,0.2932244213687075,0.6565881243288099
256,short,2021-06-22,10:00:00,0.05207,2021-06-22,15:25:00,0.04975,759.7176788297613,closed,32.94994933126782,4.337130785481075,959.1357973628066,0.04960397491534542,0.05283,0.04643,0.29180629108114514,0.6077741430638091
257,long,2021-06-22,17:00:00,0.05145,2021-06-23,18:59:00,0.05364,650.0228987117323,closed,26.895913463430176,4.137687074829928,986.0317108262367,0.053754169355255225,0.04932,0.05755,0.2526813989161253,0.5200183189693859
258,short,2021-06-23,17:00:00,0.05561,2021-06-23,23:25:00,0.05609,960.927149371697,closed,-9.40861898412332,-0.979118863513759,976.6230918421134,0.05596531661615662,0.05609,0.05319,0.3455950905850376,0.7687417194973577
259,long,2021-06-24,00:00:00,0.05792,2021-06-25,07:20:00,0.06533,962.678982673325,closed,122.05785546641438,12.678977900552487,1098.6809473085277,0.06543205233013329,0.05772,0.06837,0.33241677578498796,0.7701431861386601
260,long,2021-06-26,01:00:00,0.06231,2021-06-26,07:39:00,0.0598,1125.9940171069666,closed,-46.62001946790839,-4.14034344406997,1052.0609278406193,0.0598900722212234,0.0598,0.06293,0.3614167925235008,0.9007952136855732
261,short,2021-06-26,08:00:00,0.05971,2021-06-26,11:50:00,0.06184,1048.9015671941372,closed,-38.60730697586877,-3.6807368949924624,1013.4536208647505,0.061834492522754365,0.06184,0.05884,0.3513319602057067,0.8391212537553098
262,short,2021-06-24,14:00:00,0.06546,2021-06-26,18:15:00,0.06237,69.72054584394243,closed,3.21403834702334,4.609886953864958,1016.6676592117739,0.062367947853755226,0.06837,0.05884,0.021301724975234478,0.055776436675153945
263,long,2021-06-26,12:00:00,0.06189,2021-06-30,03:20:00,0.06677,1047.6248570133046,closed,81.42812737379565,7.772641783809978,1098.0957865855696,0.0667764358355272,0.06003,0.06977,0.3385441451004378,0.8380998856106436
264,long,2021-06-30,19:00:00,0.06612,2021-07-01,03:14:00,0.06623,1763.132363540797,closed,0.9894020450214149,0.05611615245008922,1099.0851886305911,0.06623099141645761,0.06604,0.06829,0.5333128746342399,1.4105058908326378
265,short,2021-07-01,05:00:00,0.06638,2021-07-02,21:33:00,0.06525,1877.2250225875757,closed,29.888996948971133,1.5921904188008318,1128.9741855795623,0.06520322134915754,0.06671,0.06326,0.5655995849917372,1.5017800180700607
266,short,2021-07-03,17:00:00,0.06683,2021-07-04,05:42:00,0.06654,3096.0345436770676,closed,10.031466945228988,0.3240101750710738,1139.0056525247912,0.06628848357564954,0.06734,0.06507,0.9265403392719042,2.476827634941654
267,long,2021-07-04,07:00:00,0.06726,2021-07-05,00:07:00,0.06688,2904.2534889060057,closed,-19.595204687681715,-0.6747071067499336,1119.4104478371096,0.06692108068938439,0.06664,0.06824,0.863590094827834,2.3234027911248045
268,long,2021-07-05,19:00:00,0.06477,2021-07-06,09:19:00,0.06477,2442.8464773949217,closed,-2.708591363603423,-0.1108784931295353,1116.7018564735063,0.06487598912626452,0.06443,0.06636,0.7543141816874857,1.9542771819159375
269,short,2021-07-06,12:00:00,0.06498,2021-07-07,04:09:00,0.06537,2514.0745737452244,closed,-17.874149397924246,-0.7109633733456471,1098.827707075582,0.06535314109436997,0.06552,0.06391,0.7737994994599029,2.0112596589961798
270,short,2021-07-07,16:00:00,0.06506,2021-07-08,11:46:00,0.06157,3306.479193642801,closed,173.7071499057765,5.253538272363981,1272.5348569813586,0.06149105520155374,0.06558,0.06041,1.0164399611567172,2.645183354914241
271,long,2021-07-08,15:00:00,0.06139,2021-07-08,22:14:00,0.06057,2703.1551720124776,closed,-39.14982409673174,-1.4483010262257718,1233.385032884627,0.060585004986785033,0.06057,0.06203,0.8806499990267072,2.162524137609982
272,short,2021-07-09,01:00:00,0.05936,2021-07-09,03:41:00,0.0607,2293.9904553508277,closed,-54.392925168814216,-2.3711051212937906,1178.9921077158128,0.06069577245365728,0.0607,0.0591,0.772907835360791,1.8351923642806622
273,long,2021-07-09,04:00:00,0.06067,2021-07-09,12:09:00,0.0598,2295.113372128007,closed,-35.5043105954102,-1.5469523652546604,1143.4877971204025,0.05983170113677659,0.0598,0.06139,0.7565892111844428,1.8360906977024058
274,short,2021-07-10,03:00:00,0.06178,2021-07-10,11:40:00,0.06261,2902.4721545473867,closed,-42.255634754477526,-1.4558497895759106,1101.232162365925,0.06253697422652991,0.06261,0.06132,0.9396154595491703,2.3219777236379096
275,long,2021-07-11,01:00:00,0.06153,2021-07-12,10:02:00,0.06163,3041.4400975290405,closed,1.5212637809449272,0.05001787745814388,1102.75342614687,0.06171607349187273,0.06058,0.06283,0.9886039647420902,2.4331520780232325
276,long,2021-07-13,02:00:00,0.06049,2021-07-13,05:18:00,0.05961,3294.2864779914394,closed,-51.64944522128043,-1.567849231277895,1051.1039809255894,0.05961755686256687,0.05961,0.06063,1.0892003564197188,2.6354291823931515
277,short,2021-07-13,13:00:00,0.05913,2021-07-13,16:31:00,0.06017,2771.9480908662545,closed,-51.909169775216725,-1.8726602401488233,999.1948111503727,0.06015108481751379,0.06017,0.05903,0.9375775717457313,2.2175584726930038
278,short,2021-07-13,20:00:00,0.05879,2021-07-14,09:04:00,0.05814,2639.6237431311188,closed,26.17479459577606,0.9916108181663629,1025.3696057461489,0.05799270901961675,0.05947,0.05688,0.897983923500976,2.111698994504895
279,long,2021-07-14,10:00:00,0.0584,2021-07-15,04:03:00,0.05897,1894.6215352488448,closed,16.327485038699326,0.86178082191781,1041.6970907848481,0.05909969533594185,0.05833,0.06068,0.648842991523577,1.515697228199076
280,long,2021-07-15,21:00:00,0.05818,2021-07-16,08:09:00,0.05745,2388.9935098119367,closed,-32.707776663452094,-1.369102784462017,1008.989314121396,0.05749155920070638,0.05722,0.05876,0.8212421828160663,1.9111948078495495
281,short,2021-07-16,09:00:00,0.05677,2021-07-16,13:33:00,0.05713,2237.800746664056,closed,-16.769354279422835,-0.7493676237449344,992.2199598419732,0.057089835200878826,0.05713,0.05581,0.7883744043206117,1.790240597331245
282,long,2021-07-16,16:00:00,0.05765,2021-07-16,22:31:00,0.05635,2248.915706132757,closed,-53.292085419984176,-2.3696790980052085,938.9278744219889,0.05637824311447285,0.05635,0.05765,0.7801962553799678,1.7991325649062055
283,short,2021-07-16,23:00:00,0.05607,2021-07-17,08:40:00,0.05597,2212.6127142143473,closed,1.386838973218394,0.06267879436419273,940.3147133952073,0.05592967240811355,0.05652,0.05474,0.7892322861474398,1.7700901713714778
284,short,2021-07-18,07:00:00,0.05629,2021-07-18,21:51:00,0.05661,2471.7225842754065,closed,-16.906951324724293,-0.6840149227216218,923.4077620704829,0.05645071714992912,0.05695,0.05538,0.8782101916061136,1.9773780674203252
285,long,2021-07-18,22:00:00,0.05653,2021-07-18,22:49:00,0.05563,2503.050400903507,closed,-42.7384454300669,-1.707454448965148,880.669316640416,0.05566726748508536,0.05563,0.05671,0.885565328464004,2.0024403207228056
286,short,2021-07-18,23:00:00,0.05563,2021-07-20,12:51:00,0.05023,2152.056416225542,closed,206.40460903371775,9.591040805320874,1087.0739256741338,0.050218251620992166,0.0562,0.04908,0.7737035470880971,1.7216451329804336
287,long,2021-07-20,13:00:00,0.05023,2021-07-21,00:39:00,0.04985,2079.5215954141677,closed,-18.223614054465195,-0.8763368504877532,1068.8503116196687,0.04988710852998532,0.04971,0.0512,0.8279998389066965,1.6636172763313342
288,short,2021-07-21,19:00:00,0.05349,2021-07-22,00:31:00,0.05414,2012.7260550375877,closed,-26.820995143435177,-1.3325705739390497,1042.0293164762336,0.054100282780794734,0.05414,0.05268,0.7525616208777669,1.6101808440300702
289,long,2021-07-22,08:00:00,0.05419,2021-07-23,08:58:00,0.05483,2189.1441266475504,closed,23.295175905942887,1.0641225318324317,1065.3244923821765,0.05485028206931443,0.05344,0.05614,0.8079513292664884,1.7513153013180405
290,long,2021-07-23,23:00:00,0.05548,2021-07-24,19:45:00,0.0568,2798.9638424745854,closed,63.345778371171114,2.263186733958186,1128.6702707533475,0.0568841770926003,0.05539,0.05794,1.0089992222330877,2.2391710739796684
291,short,2021-07-24,20:00:00,0.05666,2021-07-25,04:35:00,0.05701,2787.6452044438734,closed,-20.43394118374963,-0.7330180021178894,1108.236329569598,0.05698703365835328,0.05739,0.05584,0.9839905416321473,2.230116163555099
292,long,2021-07-25,07:00:00,0.05725,2021-07-25,15:41:00,0.05666,2577.4327779553014,closed,-29.524548747302834,-1.1455021834061139,1078.7117808222952,0.056859191375027984,0.05666,0.05809,0.9004131975389699,2.061946222364241
293,short,2021-07-25,16:00:00,0.05687,2021-07-25,23:40:00,0.05775,2370.331959893213,closed,-39.40811300775817,-1.6625567082820571,1039.303667814537,0.0577140453070153,0.05775,0.05642,0.8335966097742968,1.8962655679145706
294,short,2021-07-26,13:00:00,0.06187,2021-07-26,17:24:00,0.0624,1934.5411899892206,closed,-18.744944322511223,-0.9689607240989101,1020.5587234920258,0.0623319371626831,0.0624,0.06067,0.6253567771098176,1.5476329519913765
295,long,2021-07-27,09:00:00,0.05878,2021-07-27,16:46:00,0.05866,1540.7748898951197,closed,-4.902379772163117,-0.3181762504253182,1015.6563437198627,0.05871330284909612,0.05856,0.06066,0.5242514086067097,1.2326199119160959
296,short,2021-07-27,18:00:00,0.05856,2021-07-27,22:51:00,0.06004,1540.9389892491624,closed,-40.7035244815931,-2.6414754098360693,974.9528192382695,0.06003988936950761,0.06004,0.05811,0.5262769772025828,1.23275119139933
297,short,2021-07-28,14:00:00,0.06046,2021-07-29,09:46:00,0.06144,1674.476113734271,closed,-29.035183169093166,-1.7339861065167077,945.9176360691763,0.06143012207542604,0.06144,0.05967,0.5539120455621142,1.3395808909874167
298,short,2021-07-29,19:00:00,0.0607,2021-07-29,23:11:00,0.06201,2167.1736091280827,closed,-49.21876195386527,-2.2711037891268626,896.698874115311,0.061954702374271246,0.06201,0.06063,0.714060497241543,1.7337388873024662
299,short,2021-07-30,09:00:00,0.06033,2021-07-30,15:36:00,0.06123,1868.2750512636405,closed,-29.98480812591967,-1.6049461296204177,866.7140659893913,0.061227801891878465,0.06123,0.05978,0.6193519148893223,1.4946200410109125
300,long,2021-07-30,19:00:00,0.0615,2021-07-31,05:30:00,0.06262,2130.5976579974936,closed,36.403772667052976,1.7086178861788555,903.1178386564443,0.06263910885078965,0.06132,0.06389,0.6928772871536566,1.704478126397995
301,short,2021-07-31,07:00:00,0.06291,2021-07-31,10:40:00,0.06435,2049.7853774272858,closed,-49.21074947574344,-2.4007757113336683,853.9070891807008,0.06428588029399415,0.06435,0.0629,0.6516564544356338,1.6398283019418287
302,short,2021-07-31,15:00:00,0.06392,2021-08-01,00:30:00,0.06496,2014.1687124525934,closed,-35.01275604630355,-1.7383229036295356,818.8943331343972,0.06470494461816875,0.06496,0.06335,0.6302154920064436,1.6113349699620747
303,long,2021-08-01,01:00:00,0.06547,2021-08-01,11:18:00,0.06533,1838.602756859357,closed,-5.964183581652131,-0.3243867420192473,812.9301495527451,0.06536201752416904,0.06518,0.06682,0.5616626720205765,1.4708822054874857
304,long,2021-08-02,07:00:00,0.06509,2021-08-03,04:58:00,0.06361,1362.7426516946985,closed,-32.49461841912871,-2.384501459517584,780.4355311336163,0.0637385614103813,0.06361,0.06568,0.41872565730364075,1.0901941213557589
305,long,2021-08-03,13:00:00,0.064,2021-08-03,18:09:00,0.06318,1706.0981389347032,closed,-23.757416584665773,-1.3925000000000016,756.6781145489506,0.06324619575413935,0.06318,0.06471,0.5331556684170947,1.3648785111477626
306,long,2021-08-03,22:00:00,0.06388,2021-08-05,01:11:00,0.06785,1973.7650801289246,closed,120.46813988500811,6.103469004383198,877.1462544339587,0.06787552302338255,0.06354,0.0691,0.6179602630334767,1.5790120641031398
307,short,2021-08-05,09:00:00,0.06901,2021-08-05,14:06:00,0.06868,1698.356931400964,closed,6.270508031669458,0.36921025938269375,883.4167624656282,0.06866207130372044,0.0693,0.06688,0.4922060372122776,1.3586855451207713
308,long,2021-08-05,21:00:00,0.07015,2021-08-07,12:54:00,0.07451,1677.1206895775006,closed,102.4174451841378,6.106742694226661,985.834207649766,0.07464243809607478,0.06986,0.07649,0.4781527268930864,1.3416965516620005
309,short,2021-08-07,13:00:00,0.07403,2021-08-07,15:20:00,0.07552,1770.0267838394643,closed,-37.51949898478602,-2.119713629609625,948.31470866498,0.07548158762846527,0.07552,0.07342,0.47819175573131556,1.4160214270715714
310,long,2021-08-08,07:00:00,0.07553,2021-08-08,14:54:00,0.07383,1693.891613857032,closed,-39.92910476247559,-2.3572408314576903,908.3856039025044,0.07391574990986668,0.07383,0.07603,0.4485347845510479,1.3551132910856258
311,short,2021-08-08,15:00:00,0.07348,2021-08-09,09:17:00,0.07199,1543.864139110727,closed,29.650595739511314,1.920544365813834,938.0361996420157,0.07193172435397079,0.074,0.06977,0.42021342926258215,1.2350913112885815
312,short,2021-08-10,04:00:00,0.07385,2021-08-10,13:02:00,0.07523,1937.8058449201997,closed,-38.285900503807405,-1.9757345971564064,899.7502991382083,0.07519743328505173,0.07523,0.07341,0.5247950832553012,1.5502446759361599
313,short,2021-08-10,16:00:00,0.07341,2021-08-10,20:33:00,0.0742,1733.4016790984297,closed,-20.51293521154909,-1.1833919084593365,879.2373639266592,0.07419523264907905,0.0742,0.07229,0.47225219427828086,1.3867213432787437
314,long,2021-08-10,22:00:00,0.07461,2021-08-11,21:04:00,0.08447,1840.4589579547842,closed,241.25804626715836,13.108580619219953,1120.4954101938176,0.08467783856034838,0.07415,0.08646,0.493354498848622,1.4723671663638274
315,short,2021-08-11,22:00:00,0.0844,2021-08-12,00:06:00,0.08501,1636.4448068355482,closed,-13.524324427297756,-0.826445497630331,1106.97108576652,0.08494948983263392,0.08501,0.08206,0.3877831295818835,1.3091558454684387
316,long,2021-08-12,02:00:00,0.08765,2021-08-12,04:47:00,0.0876,1367.2228757922558,closed,-2.1856847616203345,-0.15986309184256517,1104.7854010048998,0.08769171180992666,0.08731,0.09124,0.31197327456754265,1.0937783006338047
317,short,2021-08-12,06:00:00,0.08592,2021-08-13,00:05:00,0.08516,1101.8208454449168,closed,8.608154888230136,0.7812662942271845,1113.3935558931298,0.0849175588035372,0.08687,0.08061,0.25647598823205703,0.8814566763559335
318,long,2021-08-13,01:00:00,0.08513,2021-08-14,09:59:00,0.08814,1268.5252767399625,closed,43.53928030077984,3.432275343592152,1156.9328361939097,0.08837404001752454,0.08471,0.09211,0.2980207392787414,1.01482022139197
319,short,2021-08-14,10:00:00,0.08862,2021-08-14,14:58:00,0.09008,1770.0679296233368,closed,-30.977107557899966,-1.7500519070187193,1125.9557286360098,0.09003614274762103,0.09008,0.08714,0.3994736920838043,1.4160543436986694
320,long,2021-08-14,17:00:00,0.09111,2021-08-15,07:08:00,0.09182,1519.6898825423439,closed,10.293259387503838,0.6773263088574278,1136.2489880235137,0.0918447776071126,0.08963,0.09522,0.3335945302474688,1.215751906033875
321,long,2021-08-15,21:00:00,0.09204,2021-08-16,13:36:00,0.09355,1893.3725290278865,closed,29.136378337615874,1.5388613646240739,1165.3853663611296,0.0940282519748668,0.09167,0.09679,0.41142384376964075,1.5146980232223093
322,short,2021-08-16,14:00:00,0.09215,2021-08-17,02:00:00,0.09021,1805.3479289404995,closed,36.17121838572177,2.0035594139989126,1201.5565847468515,0.09017422618068978,0.09345,0.0872,0.3918280909257732,1.4442783431523998
323,long,2021-08-17,09:00:00,0.09019,2021-08-17,15:36:00,0.08912,1795.3880670511119,closed,-23.134647221416856,-1.2885597072846229,1178.4219375254347,0.08923203440339471,0.08912,0.09225,0.3981346195922191,1.4363104536408895
324,short,2021-08-17,17:00:00,0.08887,2021-08-18,02:16:00,0.08419,1877.5595442087035,closed,96.94993251555647,5.163614268031961,1275.371870040991,0.08418889577459505,0.09046,0.0814,0.4225406873430187,1.502047635366963
325,long,2021-08-18,07:00:00,0.08575,2021-08-18,20:39:00,0.08407,1699.5066367658883,closed,-35.05244825404259,-2.062507288629739,1240.3194217869486,0.08426250336038317,0.08327,0.08748,0.3963863875838807,1.3596053094127107
326,short,2021-08-18,22:00:00,0.08361,2021-08-19,15:37:00,0.085,1667.062896384488,closed,-29.447018142752032,-1.7664011481880182,1210.8724036441965,0.08490035375691335,0.08569,0.08179,0.3987711748318355,1.3336503171075906
327,short,2021-08-20,07:00:00,0.08812,2021-08-20,13:25:00,0.08866,2477.19208003385,closed,-17.724236242544478,-0.7154970494779833,1193.148167401652,0.08865368999984184,0.08866,0.0865,0.5622315206613369,1.9817536640270799
328,long,2021-08-20,15:00:00,0.09015,2021-08-20,18:38:00,0.08844,2498.12396495386,closed,-49.93809384051718,-1.9990238491403098,1143.2100735611348,0.08859713831658779,0.08844,0.09075,0.5542149672665249,1.9984991719630882
329,short,2021-08-20,19:00:00,0.08885,2021-08-22,09:41:00,0.09001,2320.9886668193426,closed,-32.68140125249704,-1.4080810354530198,1110.5286723086379,0.08994816697573761,0.09072,0.08776,0.5224510223566331,1.8567909334554742
330,short,2021-08-22,14:00:00,0.0885,2021-08-22,23:11:00,0.08777,2789.1074057698274,closed,20.144603997379193,0.7222598870056436,1130.673276306017,0.08776188603020448,0.08859,0.086,0.6303067583660628,2.231285924615862
331,long,2021-08-23,00:00:00,0.08802,2021-08-23,14:34:00,0.08954,2543.756816039058,closed,41.31463353897256,1.6241581458759302,1171.9879098449896,0.08967380157032025,0.0878,0.09163,0.5779951865573866,2.0350054528312462
332,short,2021-08-23,15:00:00,0.08924,2021-08-24,06:17:00,0.0907,2459.3992675979352,closed,-42.755405071238265,-1.7384491259524908,1129.2325047737513,0.09069629568635915,0.0907,0.08857,0.5511876440156736,1.9675194140783483
333,long,2021-08-24,07:00:00,0.09075,2021-08-24,13:26:00,0.08933,2838.27013603586,closed,-47.307629837661885,-1.6667768595041221,1081.9248749360895,0.08933471289030744,0.08933,0.09114,0.6255140795671318,2.2706161088286883
334,short,2021-08-24,14:00:00,0.08809,2021-08-24,19:55:00,0.08593,2328.8012269085402,closed,54.71131054060128,2.3493336360540304,1136.6361854766908,0.08584626228146656,0.08809,0.0838,0.5287322572161517,1.8630409815268323
335,long,2021-08-25,02:00:00,0.08592,2021-08-25,08:46:00,0.08399,1897.0083213806859,closed,-44.57121730296512,-2.3495530726257,1092.0649681737257,0.08402595275003648,0.08399,0.0866,0.44157549380369787,1.5176066571045488
336,short,2021-08-25,10:00:00,0.08319,2021-08-25,13:01:00,0.08575,1802.7078577688703,closed,-57.35016331763351,-3.181334294987387,1034.714804856092,0.08564978944649444,0.08575,0.08313,0.43339532582494783,1.4421662862150963
337,short,2021-08-26,04:00:00,0.08519,2021-08-26,14:04:00,0.08478,1753.8312000998683,closed,6.6259779796895835,0.37780021129241403,1041.3407828357817,0.08470299424427707,0.08569,0.08219,0.41174579178304227,1.4030649600798948
338,long,2021-08-26,21:00:00,0.08359,2021-08-27,00:17:00,0.08179,1747.6581113566117,closed,-39.44978054661641,-2.257293934681177,1001.8910022891653,0.08206964804066642,0.08179,0.08456,0.418150044588255,1.3981264890852894
339,short,2021-08-27,04:00:00,0.08222,2021-08-27,07:05:00,0.08415,1671.5670578497559,closed,-40.98157087818233,-2.45168572123571,960.909431410983,0.0841340195504385,0.08415,0.08167,0.4066083818656668,1.3372536462798048
340,short,2021-08-28,04:00:00,0.08692,2021-08-28,22:27:00,0.08836,2259.202482544319,closed,-39.75530980603889,-1.7597054763000421,921.1541216049441,0.08826848964233121,0.08836,0.08642,0.5198349016438839,1.8073619860354553
341,long,2021-08-28,23:00:00,0.08796,2021-08-29,02:50:00,0.08879,2583.9054849463646,closed,21.727366776282892,0.8408731241473368,942.881488381227,0.08880212692940175,0.08793,0.09037,0.5875183003516065,2.067124387957092
342,short,2021-08-29,05:00:00,0.08766,2021-08-29,08:01:00,0.08942,2058.2462975896538,closed,-43.44078377899779,-2.1105726671229728,899.4407046022292,0.08940784987122996,0.08942,0.0874,0.4695976038306306,1.646597038071723
343,short,2021-08-29,12:00:00,0.08793,2021-08-29,22:24:00,0.08919,1977.5651391357958,closed,-30.369535087469682,-1.5357034004321746,869.0711695147595,0.0891896261966429,0.08919,0.08719,0.44980442150251243,1.5820521113086368
344,short,2021-08-30,00:00:00,0.08846,2021-08-30,16:30:00,0.08764,2170.93565072313,closed,17.896402288583907,0.8243635541487693,886.9675718033434,0.08761061986221627,0.08884,0.08584,0.4908287702290596,1.736748520578504
345,short,2021-08-31,00:00:00,0.0862,2021-08-31,07:28:00,0.08694,2155.7602806504055,closed,-20.731311394988047,-0.9616705336426966,866.2362604083553,0.08689330952276338,0.08694,0.08512,0.500176399222832,1.7246082245203245
346,long,2021-08-31,08:00:00,0.0877,2021-08-31,14:28:00,0.08827,2036.443066080441,closed,11.142153259156682,0.547137970353479,877.378413667512,0.0882847644502522,0.08681,0.09015,0.4644111895280367,1.629154452864353
347,short,2021-08-31,22:00:00,0.08845,2021-09-01,07:22:00,0.08978,1584.6925893976145,closed,-25.454695797767677,-1.6062860373092114,851.9237178697442,0.08976855441390026,0.08978,0.08732,0.35832506261110564,1.2677540715180917
348,short,2021-09-02,15:00:00,0.09818,2021-09-02,19:36:00,0.1009,1277.4007901854577,closed,-36.671525084258306,-2.87079242208189,815.2521927854859,0.10049390867702172,0.1009,0.09722,0.2602160908913135,1.0219206321483663
349,long,2021-09-03,05:00:00,0.10378,2021-09-03,13:53:00,0.10237,1214.702752163183,closed,-17.709331440440753,-1.4579148198111338,797.5428613450451,0.10256738368022107,0.10237,0.10605,0.23409187746447932,0.9717622017305465
350,long,2021-09-04,08:00:00,0.10249,2021-09-04,17:07:00,0.10077,1503.1768341198983,closed,-26.72237453753323,-1.7777266074738993,770.8204868075119,0.10083108609699563,0.10077,0.10355,0.293331414600429,1.2025414672959187
351,long,2021-09-05,00:00:00,0.10156,2021-09-05,03:36:00,0.10149,1776.9302683356925,closed,-2.996216567467032,-0.16861756597085528,767.8242702400448,0.10152719750304288,0.10124,0.10373,0.3499271895107705,1.4215442146685542
352,short,2021-09-05,07:00:00,0.10187,2021-09-05,14:34:00,0.10412,1574.1416203117776,closed,-36.33638680275514,-2.3083302247963107,731.4878834372897,0.10392447335995923,0.10412,0.10144,0.30904910578419115,1.2593132962494222
353,short,2021-09-06,03:00:00,0.10396,2021-09-06,09:34:00,0.10558,1804.9187480706023,closed,-29.917066460901474,-1.6575298191612124,701.5708169763883,0.10556661783095307,0.10558,0.10346,0.34723331051762263,1.443934998456482
354,long,2021-09-06,10:00:00,0.10639,2021-09-06,11:39:00,0.10537,1830.3504011679433,closed,-19.356604949326577,-1.0575354826581382,682.2142120270618,0.10543104289182852,0.10537,0.10747,0.34408316593062194,1.4642803209343547
355,short,2021-09-06,13:00:00,0.10247,2021-09-07,00:29:00,0.10508,1245.495144742602,closed,-32.96333503131125,-2.6466048599590133,649.2508769957506,0.10495637345723496,0.10508,0.10215,0.24309459251343846,0.9963961157940816
356,short,2021-09-07,07:00:00,0.10234,2021-09-07,14:52:00,0.08992,1418.0623297248642,closed,170.68471066571314,12.036474496775455,819.9355876614637,0.08947278611591906,0.10264,0.08713,0.27712767827337587,1.1344498637798914
357,long,2021-09-08,00:00:00,0.08529,2021-09-08,06:50:00,0.08427,644.853305116581,closed,-8.379025302332787,-1.2993692109274324,811.5565623591309,0.08428765776210115,0.08397,0.08971,0.15121428188922056,0.5158826440932649
358,short,2021-09-09,00:00:00,0.09271,2021-09-10,01:32:00,0.09493,818.9430878080466,closed,-20.441936011504385,-2.496136339121993,791.1146263476265,0.09486368972132717,0.09493,0.09027,0.17666769233266028,0.6551544702464372
359,short,2021-09-10,07:00:00,0.09319,2021-09-10,17:27:00,0.0893,1315.4092559273536,closed,53.57406835058429,4.072806095074569,844.6886946982108,0.08916232071110677,0.09361,0.08636,0.2823069548078879,1.052327404741883
360,long,2021-09-10,20:00:00,0.0903,2021-09-10,21:54:00,0.08791,1269.3386615050365,closed,-34.8926157157726,-2.748881506090812,809.7960789824382,0.08793546734672014,0.08791,0.09094,0.2811381310088674,1.0154709292040291
361,short,2021-09-11,15:00:00,0.09548,2021-09-12,02:14:00,0.09741,1299.2152795994834,closed,-27.573408621029756,-2.122312526183495,782.2226703614084,0.09677561654466836,0.09741,0.0938,0.2721439630497452,1.0393722236795868
362,long,2021-09-12,03:00:00,0.09796,2021-09-12,12:10:00,0.11419,1280.606427763813,closed,210.8847655116415,16.467570436913014,993.1074358730499,0.11428819349617007,0.09764,0.11728,0.2614549668770545,1.0244851422110504
363,short,2021-09-12,20:00:00,0.11418,2021-09-13,00:04:00,0.11463,958.0578540143857,closed,-4.710107094095671,-0.4916307584515607,988.3973287789543,0.11437785801623845,0.11463,0.10846,0.1678153536546481,0.7664462832115086
364,long,2021-09-13,21:00:00,0.1048,2021-09-14,21:24:00,0.11452,944.8928257616155,closed,86.70076903984551,9.175725190839687,1075.0980978187997,0.11465874132007817,0.10418,0.12014,0.18032305835145335,0.7559142606092925
365,short,2021-09-14,19:00:00,0.11635,2021-09-15,16:30:00,0.1209,217.5225150866919,closed,-8.717876146544487,-4.007804039535882,1066.3802216722552,0.11986994178444739,0.1209,0.11365,0.037391064045843046,0.17401801206935352
366,long,2021-09-15,14:00:00,0.11924,2021-09-16,00:49:00,0.11808,1325.544357400771,closed,-14.178033118702423,-1.0696008050989554,1052.2021885535528,0.1181244508737796,0.11666,0.12296,0.22233216326748928,1.0604354859206169
367,short,2021-09-16,01:00:00,0.11761,2021-09-16,16:04:00,0.11737,1235.8054160869888,closed,1.3230399757703426,0.10705892356092518,1053.5252285293232,0.11729683593812121,0.11905,0.11229,0.2101531189672628,0.9886443328695911
368,long,2021-09-16,17:00:00,0.11791,2021-09-16,20:53:00,0.11323,1425.6643711456472,closed,-57.96881191744529,-4.06609108642185,995.5564166118779,0.11355339397792238,0.11323,0.11791,0.24182246987459033,1.140531496916518
369,short,2021-09-16,21:00:00,0.11361,2021-09-17,01:13:00,0.1181,1293.6374935337353,closed,-52.38870891954434,-4.049720975266256,943.1677076923336,0.1179815942470991,0.1181,0.11361,0.22773303292557617,1.0349099948269882
370,short,2021-09-17,08:00:00,0.11426,2021-09-18,04:34:00,0.10809,1186.6785621082468,closed,62.923168588837044,5.302461053737086,1006.0908762811706,0.10805067115232406,0.1158,0.10351,0.20771548435292259,0.9493428496865974
371,short,2021-09-18,21:00:00,0.10491,2021-09-19,09:02:00,0.10678,1759.2238469034469,closed,-33.10057391736175,-1.8815441807263338,972.9903023638088,0.10673987389371861,0.10678,0.10374,0.33537772317290004,1.4073790775227575
372,short,2021-09-19,13:00:00,0.10445,2021-09-20,10:17:00,0.09641,1835.5198185364134,closed,139.46857739229435,7.5983149832455785,1112.4588797561032,0.09603839389189858,0.10564,0.09327,0.35146382355891115,1.4684158548291308
373,long,2021-09-20,15:00:00,0.09412,2021-09-20,23:32:00,0.09087,1098.3852699042814,closed,-39.03977741043031,-3.5542881427964184,1073.4191023456729,0.09089370202461979,0.09087,0.09566,0.2334010348287891,0.8787082159234251
374,short,2021-09-21,01:00:00,0.08801,2021-09-21,02:45:00,0.09264,976.5490153906379,closed,-52.377113789820314,-5.3634905124417624,1021.0419885558525,0.09260701348875214,0.09264,0.08777,0.22191774011831336,0.7812392123125104
375,long,2021-09-21,03:00:00,0.09257,2021-09-21,20:37:00,0.09056,945.9166930844624,closed,-21.500072308356053,-2.2729350761585807,999.5419162474965,0.09067390163469842,0.09015,0.09567,0.20436787146688182,0.75673335446757
376,short,2021-09-21,20:00:00,0.09237,2021-09-21,21:45:00,0.09076,375.6264773569484,closed,6.165300474469839,1.6413380967846707,1005.7072167219663,0.09073847720339129,0.09303,0.0867,0.08133083844472197,0.30050118188555874
377,long,2021-09-22,06:00:00,0.09022,2021-09-23,11:50:00,0.09618,1048.318458327432,closed,68.18164718927858,6.5039060075371395,1073.888863911245,0.09619235965503167,0.08939,0.10052,0.23239158907724056,0.8386547666619456
378,long,2021-09-24,19:00:00,0.09167,2021-09-25,08:33:00,0.08971,1328.205594725755,closed,-29.750762114670092,-2.2399214574015525,1044.1381017965748,0.08989412070896034,0.08971,0.0936,0.28977977413019634,1.062564475780604
379,short,2021-09-25,09:00:00,0.09101,2021-09-26,09:26:00,0.08671,1414.7137099923389,closed,65.3991012303053,4.622779914295131,1109.5372030268802,0.08664852434218019,0.09236,0.08329,0.3108919261602767,1.1317709679938712
380,long,2021-09-26,12:00:00,0.08812,2021-09-27,20:03:00,0.08707,1432.4676316946895,closed,-18.53975946524376,-1.294253290966874,1090.9974435616364,0.08710727303265281,0.08667,0.09052,0.3251174833623898,1.1459741053557517
381,long,2021-09-28,14:00:00,0.08546,2021-09-28,17:17:00,0.08327,2055.6874156307217,closed,-54.80473233999218,-2.666005148607533,1036.1927112216442,0.08327222716601175,0.08327,0.08554,0.4810876235971734,1.6445499325045774
382,long,2021-09-28,21:00:00,0.08454,2021-09-29,00:16:00,0.08265,1934.6924039095488,closed,-45.25797975075058,-2.3392855453040013,990.9347314708937,0.08268608115611402,0.08265,0.08495,0.4576986997656846,1.5477539231276392
383,long,2021-09-29,01:00:00,0.08391,2021-09-29,17:42:00,0.08558,1816.796000988889,closed,34.27190465590864,1.8863925634608572,1025.2066361268023,0.08558164915399241,0.08335,0.08787,0.43303444189938967,1.4534368007911114
384,long,2021-09-30,01:00:00,0.08705,2021-10-01,14:44:00,0.09228,2306.65061221498,closed,136.20924228610446,5.905066053991958,1161.4158784129067,0.09229550161515053,0.08684,0.09423,0.5299599338805239,1.845320489771984
385,short,2021-10-01,23:00:00,0.09366,2021-10-02,13:51:00,0.09455,2615.165672438013,closed,-27.5010665750911,-1.0515994020926778,1133.9148118378157,0.09446975755262081,0.09484,0.09239,0.5584381107063877,2.0921325379504108
386,long,2021-10-02,15:00:00,0.09498,2021-10-02,23:29:00,0.09402,2928.1745224598667,closed,-32.55533212176486,-1.1117961676142227,1101.3594797160508,0.09402098343861894,0.09402,0.09586,0.6165876021183126,2.3425396179678937
387,long,2021-10-03,12:00:00,0.09506,2021-10-03,15:32:00,0.0948,2795.692004175682,closed,-10.471287047157288,-0.3745508100147383,1090.8881926688935,0.09482756140545107,0.09454,0.0967,0.5881952459868888,2.2365536033405458
388,short,2021-10-03,22:00:00,0.09407,2021-10-04,14:01:00,0.09354,2342.6987307490463,closed,10.8267696077471,0.46214946316573047,1101.7149622766406,0.0932202059137487,0.09518,0.09103,0.4980756310724028,1.874158984599237
389,short,2021-10-04,15:00:00,0.09127,2021-10-04,16:13:00,0.09241,2072.740434294326,closed,-28.001776260894673,-1.3509543113838085,1073.7131860157458,0.09237561786664868,0.09241,0.08995,0.4541997226458477,1.6581923474354607
390,short,2021-10-05,15:00:00,0.09402,2021-10-05,19:35:00,0.09613,2165.2913030573613,closed,-50.78637551758045,-2.345475430759399,1022.9268104981653,0.09611110698792952,0.09613,0.09378,0.4606022767618297,1.7322330424458892
391,long,2021-10-05,21:00:00,0.09776,2021-10-06,00:58:00,0.09543,2156.429484230292,closed,-53.56239080445853,-2.4838461538461525,969.3644196937067,0.09547132170039414,0.09543,0.09779,0.4411680614219092,1.7251435873842338
392,short,2021-10-06,01:00:00,0.09563,2021-10-06,12:30:00,0.09356,2009.1287216705489,closed,41.46196272824371,2.0636787618948054,1010.8263824219505,0.09354697810586847,0.09563,0.09124,0.42018795810322057,1.6073029773364391
393,long,2021-10-06,14:00:00,0.09559,2021-10-07,00:35:00,0.09435,1785.8021803866486,closed,-24.967827300195516,-1.398129511455164,985.858555121755,0.09441463613167966,0.09435,0.09712,0.3736378659664502,1.428641744309319
394,short,2021-10-07,01:00:00,0.09455,2021-10-07,02:22:00,0.09579,2000.6057861827182,closed,-28.261122287224705,-1.412628239026975,957.5974328345303,0.0957896175346123,0.09579,0.09346,0.42318472473457824,1.6004846289461747
395,long,2021-10-07,04:00:00,0.09584,2021-10-07,09:33:00,0.09593,1865.354917224967,closed,-0.12985859774324293,-0.006961602671111496,957.4675742367871,0.0959799818791752,0.09568,0.09844,0.38926438172474276,1.4922839337799736
396,short,2021-10-07,12:00:00,0.09597,2021-10-08,02:09:00,0.09744,1615.165446039086,closed,-26.36868247247404,-1.6325685109930175,931.0988917643131,0.09704454336628004,0.09744,0.0942,0.33659798812943337,1.2921323568312688
397,short,2021-10-08,13:00:00,0.09751,2021-10-09,00:43:00,0.09924,1789.6085029561257,closed,-33.54957091859105,-1.874687724335961,897.549320845722,0.09913662889916891,0.09924,0.0966,0.36706153275687126,1.4316868023649005
398,long,2021-10-09,02:00:00,0.09941,2021-10-09,11:38:00,0.10283,1806.9745148393104,closed,60.356184299743745,3.3401790564329605,957.9055051454658,0.10295108366353446,0.09903,0.10542,0.36353978771538287,1.4455796118714483
399,short,2021-10-09,19:00:00,0.10359,2021-10-10,06:04:00,0.10209,1774.9506026948766,closed,23.938924468017085,1.3487093348778851,981.8444296134828,0.1020852730382288,0.10387,0.09929,0.3426876344617968,1.4199604821559013
400,long,2021-10-11,05:00:00,0.10006,2021-10-11,11:12:00,0.09845,1986.7836468352061,closed,-33.954581268271546,-1.7090225864481314,947.8898483452112,0.09850757795788134,0.09845,0.10098,0.39711845829206605,1.589426917468165
401,short,2021-10-11,16:00:00,0.09846,2021-10-12,13:30:00,0.09375,2183.239625223823,closed,102.24887693987522,4.683355677432466,1050.1387252850864,0.09358740244977694,0.09861,0.09145,0.4434774782091861,1.7465917001790585
402,long,2021-10-12,14:00:00,0.09416,2021-10-13,05:59:00,0.09427,1943.1828310754631,closed,0.3027865176036981,0.015581988105366266,1050.44151180269,0.09431569328856931,0.09335,0.09686,0.4127406183252896,1.5545462648603705
403,short,2021-10-13,07:00:00,0.09441,2021-10-13,18:27:00,0.09595,2023.7799591279281,closed,-35.05930292334055,-1.732367333968859,1015.3822088793495,0.09589017208224619,0.09595,0.09344,0.42872152507741307,1.6190239673023425
404,short,2021-10-14,07:00:00,0.09748,2021-10-14,11:16:00,0.09902,2968.528887395809,closed,-49.881030171236524,-1.6803282724661468,965.501178708113,0.09897714661497517,0.09902,0.09731,0.6090539366835882,2.374823109916647
405,long,2021-10-14,12:00:00,0.09914,2021-10-14,15:07:00,0.09751,2846.150993399237,closed,-49.645784412923526,-1.7443130925963346,915.8553942951895,0.09762843449136896,0.09751,0.09931,0.5741680438570177,2.27692079471939
406,long,2021-10-15,05:00:00,0.09782,2021-10-15,08:26:00,0.09663,2356.072639394647,closed,-31.028672195215858,-1.3169658556532513,884.8267220999736,0.09683876458874854,0.09663,0.09874,0.48171593526776674,1.8848581115157177
407,short,2021-10-15,09:00:00,0.09582,2021-10-15,11:49:00,0.09751,2033.8782617931934,closed,-37.923615108561606,-1.864596117720723,846.903106991412,0.09743429624585467,0.09751,0.09535,0.4245206140248786,1.6271026094345549
408,long,2021-10-15,13:00:00,0.10044,2021-10-15,13:19:00,0.09985,1632.2939459264285,closed,-11.219209380308776,-0.6873277578653995,835.6838976111031,0.10009437408689466,0.09985,0.1027,0.32502866306778744,1.3058351567411428
409,short,2021-10-16,00:00:00,0.09868,2021-10-16,10:17:00,0.10093,1670.0405946212938,closed,-39.75305872002558,-2.3803648155654664,795.9308388910775,0.10092896055346978,0.10093,0.09846,0.3384760021526741,1.3360324756970352
410,short,2021-10-16,13:00:00,0.09895,2021-10-17,08:19:00,0.10002,1765.673163798238,closed,-20.86260167949824,-1.1815664477008607,775.0682372115793,0.09995023598373248,0.10002,0.09772,0.35688189263228665,1.4125385310385905
411,short,2021-10-17,20:00:00,0.09999,2021-10-17,22:21:00,0.09856,1786.6534127570642,closed,23.76500982292428,1.330141014101411,798.8332470345036,0.09845883343141504,0.09999,0.09629,0.35736641919333223,1.4293227302056515
412,long,2021-10-18,14:00:00,0.09858,2021-10-19,14:27:00,0.0988,1831.711299079873,closed,2.250823492851855,0.12288090890646987,801.0840705273555,0.09888039865364646,0.09711,0.10103,0.37161925321157907,1.4653690392638985
413,short,2021-10-19,16:00:00,0.09991,2021-10-20,07:01:00,0.10142,2342.3175249830183,closed,-37.74359491903569,-1.6113782404163723,763.3404756083198,0.10134848547715512,0.10142,0.09964,0.4688855019483572,1.8738540199864147
414,short,2021-10-20,18:00:00,0.10341,2021-10-21,05:39:00,0.10457,1745.838904388231,closed,-21.31824454173032,-1.2210888695483941,742.0222310665895,0.10450071942789925,0.10457,0.10224,0.33765378674948865,1.3966711235105849
415,long,2021-10-21,09:00:00,0.10508,2021-10-21,11:43:00,0.10362,1649.5246752865464,closed,-24.552361645673596,-1.4884507042253547,717.4698694209159,0.10367654047712464,0.10362,0.10604,0.31395597169519346,1.3196197402292371
416,short,2021-10-21,12:00:00,0.10351,2021-10-22,03:47:00,0.10215,1449.2810175883053,closed,17.602400744506586,1.2145609119891798,735.0722701654224,0.10211214306550917,0.10413,0.09955,0.28002724714294375,1.1594248140706442
417,short,2021-10-22,15:00:00,0.09994,2021-10-23,15:31:00,0.10085,1743.381986430032,closed,-17.617891974774597,-1.0105583350009946,717.4543781906478,0.1008469141258814,0.10085,0.09874,0.34888572872324036,1.3947055891440256
418,short,2021-10-23,20:00:00,0.09973,2021-10-24,10:30:00,0.1012,2324.971526762571,closed,-36.59583979913219,-1.5740338915070682,680.8585383915156,0.10112876562171465,0.1012,0.09959,0.46625318896271356,1.859977221410057
419,long,2021-10-24,11:00:00,0.10136,2021-10-24,11:40:00,0.10021,2476.749924884896,closed,-30.570561464329366,-1.234301499605379,650.2879769271863,0.10021680683265649,0.10021,0.10161,0.48870361580207106,1.9813999399079167
420,short,2021-10-24,13:00:00,0.09958,2021-10-24,21:09:00,0.09903,2043.0969923725045,closed,9.239607623589615,0.4522353886322504,659.5275845507758,0.09895474308816864,0.10026,0.09737,0.41034283839576313,1.6344775938980036
421,long,2021-10-24,23:00:00,0.0993,2021-10-26,04:00:00,0.10313,1976.007585665643,closed,74.2357991820828,3.7568580060422962,733.7633837328586,0.10313284317476872,0.09882,0.10479,0.3979874291370883,1.5808060685325145
422,short,2021-10-26,13:00:00,0.10375,2021-10-27,04:29:00,0.10263,1682.8784252573453,closed,16.49626369625748,0.9802409638554178,750.2596474291162,0.10262183751362321,0.10405,0.10036,0.3244102988447895,1.3463027402058763
423,long,2021-10-27,20:00:00,0.09218,2021-10-30,10:20:00,0.10136,1065.5283452272845,closed,105.02997743536008,9.857079626817104,855.2896248644763,0.10150471165972295,0.09057,0.10475,0.23118427971952368,0.8524226761818277
424,short,2021-10-30,13:00:00,0.10271,2021-10-30,18:22:00,0.10207,1494.4602487245013,closed,7.825611376613751,0.5236413202219857,863.1152362410901,0.1017590810978347,0.10271,0.09882,0.29100579276107513,1.1955681989796012
425,long,2021-10-31,18:00:00,0.10087,2021-11-01,02:31:00,0.09894,1493.958785669001,closed,-30.07609923885099,-2.013181322494301,833.039137002239,0.09904618354419155,0.09894,0.10196,0.296214689336572,1.1951670285352007
426,short,2021-11-01,03:00:00,0.09949,2021-11-01,07:16:00,0.10093,1506.7939393333377,closed,-23.31739767460155,-1.5474841692632535,809.7217393276375,0.10092017909140985,0.10093,0.09817,0.30290359620732493,1.2054351514666701
427,long,2021-11-01,09:00:00,0.1009,2021-11-01,17:08:00,0.09955,1587.0599915751363,closed,-22.818430832288282,-1.4377799801783981,786.9033084953492,0.099646029137781,0.09955,0.10222,0.3145807713726732,1.269647993260109
428,long,2021-11-02,03:00:00,0.10117,2021-11-02,14:17:00,0.108,2030.2177867088117,closed,135.03474765940447,6.651244440051403,921.9380561547537,0.10815934808763714,0.10107,0.11012,0.40134778821959316,1.6241742293670494
429,short,2021-11-02,21:00:00,0.10705,2021-11-03,10:14:00,0.10837,1636.7291399208777,closed,-21.79716516615395,-1.33175151798224,900.1408909885997,0.10820496034084594,0.10837,0.10519,0.30578778886891694,1.3093833119367022
430,long,2021-11-03,20:00:00,0.10625,2021-11-04,08:07:00,0.10399,1472.154875148649,closed,-32.76843557389696,-2.225882352941175,867.3724554147028,0.10403170149275627,0.10399,0.10728,0.27711150591033396,1.1777239001189193
431,long,2021-11-04,23:00:00,0.10341,2021-11-05,15:08:00,0.10362,1780.3100580975652,closed,1.846798380739245,0.10373464848660852,869.2192537954421,0.10371091673114845,0.10259,0.10623,0.34432067654918586,1.4242480464780523
432,short,2021-11-05,16:00:00,0.1034,2021-11-06,19:51:00,0.10185,1938.1363148833332,closed,27.127910307585775,1.399690522243723,896.3471641030279,0.10184865194806637,0.10448,0.09953,0.37488129881689236,1.5505090519066667
433,long,2021-11-06,20:00:00,0.10197,2021-11-08,08:38:00,0.10632,2485.0998758578576,closed,103.53788324989237,4.1663469647935605,999.8850473529203,0.10636102923646008,0.1018,0.1082,0.4874178436516344,1.9880799006862861
434,short,2021-11-08,11:00:00,0.10697,2021-11-08,15:49:00,0.10791,2716.5870843719968,closed,-26.553222934742102,-0.9774478825839116,973.3318244181783,0.10789860435895188,0.10791,0.10593,0.5079156930675884,2.1732696674975975
435,long,2021-11-08,18:00:00,0.10891,2021-11-09,11:37:00,0.11217,2627.8707511693947,closed,76.07510890626158,2.8949334312735275,1049.40693332444,0.1126630520783754,0.10777,0.11468,0.48257657720492053,2.102296600935516
436,short,2021-11-09,13:00:00,0.1129,2021-11-09,16:43:00,0.11476,2050.9369533762465,closed,-35.792755517947626,-1.7451904340124007,1013.6141778064923,0.1146483882212296,0.11492,0.11176,0.3633192122898577,1.6407495627009974
437,long,2021-11-10,01:00:00,0.11724,2021-11-10,03:29:00,0.11422,1734.3259300233226,closed,-46.358040983449676,-2.6729716820197846,967.2561368230427,0.11427399672838787,0.11422,0.1177,0.295859080522573,1.3874607440186582
438,short,2021-11-10,04:00:00,0.11319,2021-11-10,11:50:00,0.11566,1512.829133559467,closed,-34.49009847393894,-2.279840975351179,932.7660383491037,0.11557850917920258,0.11566,0.11196,0.2673079129886858,1.2102633068475737
439,long,2021-11-10,14:00:00,0.11599,2021-11-10,18:54:00,0.11363,1606.3351521419556,closed,-34.2454755887181,-2.131901025950514,898.5205627603856,0.11385234871490407,0.11363,0.11722,0.27697821400844136,1.2850681217135647
440,short,2021-11-10,19:00:00,0.11409,2021-11-10,21:32:00,0.1059,1597.3624275404245,closed,113.10944490769394,7.081013235165222,1011.6300076680795,0.10566879623928484,0.11487,0.10246,0.28001795556848535,1.2778899420323397
441,long,2021-11-11,07:00:00,0.10935,2021-11-12,09:57:00,0.10695,1462.4821277231938,closed,-33.53584531891498,-2.293077274805669,978.0941623491645,0.10698801390794697,0.10695,0.11077,0.26748644311352426,1.1699857021785551
442,short,2021-11-12,10:00:00,0.10682,2021-11-12,18:24:00,0.10768,1868.8866682422226,closed,-16.8912923345297,-0.9038157648380449,961.2028700146349,0.10766524757165737,0.10813,0.10487,0.34991324999854384,1.4951093345937783
443,long,2021-11-12,21:00:00,0.10779,2021-11-14,02:53:00,0.11146,1992.593236910143,closed,65.87939525667316,3.306213934502279,1027.082265271308,0.1115101704050863,0.10736,0.11411,0.36971764299288307,1.5940745895281145
444,long,2021-11-14,12:00:00,0.11574,2021-11-14,15:05:00,0.11452,2271.4574027730637,closed,-26.152807700675304,-1.151366856747882,1000.9294575706326,0.11463329890674208,0.11431,0.11725,0.39251035126543354,1.817165922218451
445,short,2021-11-15,03:00:00,0.11669,2021-11-15,04:48:00,0.11981,1918.4612835880032,closed,-53.158459407077146,-2.770890393349899,947.7709981635555,0.11973406608053812,0.11981,0.11669,0.3288133145236101,1.5347690268704026
446,short,2021-11-15,16:00:00,0.12612,2021-11-16,11:03:00,0.1103,1313.9300556311039,closed,163.5547462105812,12.44775134792262,1111.3257443741368,0.11022867737350657,0.12647,0.10568,0.208361886398843,1.0511440445048832
447,long,2021-11-16,16:00:00,0.11121,2021-11-18,05:24:00,0.10851,1183.974204294519,closed,-29.905095339346968,-2.525823217336578,1081.42064903479,0.10851069135359709,0.107,0.11373,0.21292585276405343,0.9471793634356153
448,long,2021-11-19,01:00:00,0.10209,2021-11-19,03:25:00,0.09865,1629.9833830749612,closed,-56.54683620630681,-3.4691664217846987,1024.873812828483,0.09870339387854102,0.09865,0.10209,0.31932282947888363,1.303986706459969
449,short,2021-11-19,04:00:00,0.09889,2021-11-19,08:18:00,0.10251,1427.5973274068992,closed,-53.68990142104282,-3.7608575184548467,971.1839114074403,0.10235966240847134,0.10251,0.09881,0.28872430526987547,1.1420778619255194
450,short,2021-11-20,06:00:00,0.10404,2021-11-20,18:26:00,0.10403,2290.8916534088526,closed,-2.0529066765726935,-0.08961168781238359,969.1310047308676,0.10379529796755074,0.10571,0.10159,0.4403867076910521,1.8327133227270822
451,long,2021-11-20,21:00:00,0.10488,2021-11-21,23:52:00,0.10744,2320.4225214520584,closed,54.34001214004861,2.341815408085424,1023.4710168709163,0.10744982862309559,0.10453,0.10964,0.4424909461197671,1.8563380171616468
452,short,2021-11-22,00:00:00,0.10654,2021-11-22,09:11:00,0.10392,2302.77007392227,closed,54.354538138326944,2.360397972592451,1077.8255550092433,0.10387759638689634,0.10697,0.10151,0.4322827245958833,1.842216059137816
453,long,2021-11-22,14:00:00,0.1041,2021-11-22,19:02:00,0.10205,2211.251173062451,closed,-45.739125129028885,-2.068472622478383,1032.0864298802144,0.10215293768787312,0.10205,0.10469,0.424832117783372,1.769000938449961
454,short,2021-11-22,20:00:00,0.10151,2021-11-23,15:10:00,0.10347,2177.880154299926,closed,-44.22287456491232,-2.03054674416314,987.863555315302,0.10345525387244776,0.10347,0.10105,0.4290966711259829,1.7423041234399408
455,short,2021-11-24,02:00:00,0.10222,2021-11-24,15:51:00,0.09834,2875.7567881230766,closed,106.2928322740124,3.6961690471532074,1094.1563875893144,0.09830570154335333,0.10232,0.09655,0.5626602989871017,2.3006054304984613
456,long,2021-11-24,23:00:00,0.0973,2021-11-26,02:04:00,0.09935,2854.903793833126,closed,57.27881798735113,2.006330935251795,1151.4352055766656,0.0993754640261012,0.09725,0.10124,0.5868250347036231,2.283923035066501
457,long,2021-11-26,19:00:00,0.09266,2021-11-28,01:42:00,0.0925,1900.6320251377597,closed,-5.212646398491502,-0.2742585797539471,1146.2225591781742,0.09257324980486424,0.09188,0.09538,0.4102378642645715,1.5205056201102078
458,long,2021-11-28,11:00:00,0.09181,2021-11-28,18:26:00,0.0904,2466.126618933123,closed,-40.384414911031335,-1.6375645354536634,1105.8381442671428,0.09041639720056883,0.0904,0.09255,0.5372239666557288,1.9729012951464986
459,short,2021-11-29,12:00:00,0.09537,2021-11-30,04:10:00,0.09734,2577.924255717978,closed,-55.85356587913426,-2.166610045087553,1049.9845783880085,0.0972855175047295,0.09734,0.09524,0.5406153414528633,2.0623394045743826
460,long,2021-11-30,12:00:00,0.09815,2021-11-30,16:00:00,0.09774,2639.869760158769,closed,-13.677295674334768,-0.5181049414162076,1036.3072827136737,0.09789808578203144,0.09774,0.09985,0.5379255751724441,2.1118958081270156
461,short,2021-11-30,18:00:00,0.09754,2021-12-01,13:38:00,0.09851,2254.652318468609,closed,-24.687726317394528,-1.0949682181669045,1011.6195563962791,0.09839161861959603,0.09851,0.09615,0.4623031204569631,1.8037218547748872
462,long,2021-12-01,14:00:00,0.09861,2021-12-01,19:07:00,0.09877,2793.869076619483,closed,1.7314565156713475,0.06197343068653631,1013.3510129119504,0.09883473731015092,0.09861,0.10062,0.5666502538524456,2.2350952612955868
463,short,2021-12-01,21:00:00,0.09695,2021-12-02,08:55:00,0.09704,2457.6642780652483,closed,-4.754610747745586,-0.19346054667355003,1008.5964021642048,0.09700873476574177,0.09726,0.09501,0.506996240962403,1.9661314224521986
464,long,2021-12-02,09:00:00,0.09705,2021-12-03,14:54:00,0.09996,2687.5844643336236,closed,77.88207155191446,2.897846470891289,1086.4784737161194,0.0999889543337328,0.09599,0.10181,0.5538556340718441,2.150067571466899
465,short,2021-12-03,16:00:00,0.09954,2021-12-03,21:10:00,0.09623,2777.408538737132,closed,89.57708956890164,3.2252039381153383,1176.055563285021,0.09611692400785368,0.09954,0.09417,0.5580487319142319,2.221926830989706
466,long,2021-12-04,14:00:00,0.08376,2021-12-05,15:32:00,0.08278,1087.7183859074178,closed,-13.856306345633909,-1.273887297039153,1162.1992569393872,0.08318187878512436,0.08278,0.08771,0.2597226327381609,0.8701747087259343
467,long,2021-12-06,00:00:00,0.0843,2021-12-06,00:50:00,0.08157,1878.9587673704586,closed,-62.79778872526949,-3.34215895610913,1099.4014682141176,0.08173288059266194,0.08157,0.08434,0.4457790669918052,1.503167013896367
468,short,2021-12-05,15:00:00,0.08428,2021-12-06,12:06:00,0.08138,441.6858868880138,closed,14.739856727574066,3.3371808258186997,1114.1413249416917,0.08137838766480598,0.08513,0.07884,0.10481392664641999,0.35334870951041103
469,short,2021-12-06,01:00:00,0.08215,2021-12-06,12:11:00,0.08205,1599.2157793722167,closed,0.27798906061399675,0.017382836275109996,1114.4193140023056,0.08166375373538534,0.08391,0.07884,0.38934042102792865,1.2793726234977734
470,long,2021-12-06,13:00:00,0.08574,2021-12-06,14:40:00,0.08306,1337.0826213728822,closed,-43.17513702906453,-3.2290552834149775,1071.244176973241,0.08336691070636873,0.08306,0.08694,0.31189237727382374,1.0696660970983058
471,short,2021-12-07,17:00:00,0.09092,2021-12-08,01:12:00,0.09244,1557.4179408104924,closed,-27.625428730652665,-1.7737967443906661,1043.6187482425885,0.09222689092690561,0.09244,0.0891,0.34259083607797897,1.245934352648394
472,long,2021-12-08,07:00:00,0.0934,2021-12-08,10:49:00,0.09046,1615.371971220714,closed,-52.48609880624114,-3.249164882226979,991.1326494363474,0.0905229242792854,0.09046,0.09354,0.34590406235989596,1.2922975769765712
473,long,2021-12-08,21:00:00,0.09281,2021-12-09,02:21:00,0.09062,1744.072304316514,closed,-42.925263150418964,-2.461208921452427,948.2073862859285,0.09063286675252732,0.09062,0.09327,0.375837152099238,1.3952578434532112
474,long,2021-12-09,13:00:00,0.09189,2021-12-09,14:57:00,0.08958,1908.6032590001075,closed,-49.92219867500111,-2.6156404396561026,898.2851876109273,0.0896174204142494,0.08958,0.0919,0.41541043835022473,1.526882607200086
475,short,2021-12-09,15:00:00,0.0896,2021-12-09,16:49:00,0.09146,1661.9042355212596,closed,-36.19983547301487,-2.178214285714286,862.0853521379124,0.09142150994893801,0.09146,0.089,0.3709607668574241,1.3295233884170077
476,long,2021-12-10,02:00:00,0.08986,2021-12-10,14:57:00,0.08973,1451.3950142783533,closed,-3.5838764403314327,-0.24692632984641802,858.501475697581,0.09012129199904169,0.0887,0.09279,0.3230347238545189,1.1611160114226826
477,short,2021-12-10,17:00:00,0.08921,2021-12-11,01:40:00,0.08922,1395.0266925447631,closed,-1.5851481422471938,-0.11362851698239675,856.9163275553337,0.08920499825187121,0.09026,0.08646,0.31275119214096253,1.1160213540358106
478,long,2021-12-11,05:00:00,0.08955,2021-12-13,01:16:00,0.08967,1471.059299777141,closed,0.465876513028169,0.0316694584031213,857.382204068362,0.08971178233181336,0.08882,0.09232,0.3285447905699924,1.1768474398217128
479,long,2021-12-14,03:00:00,0.08473,2021-12-14,18:34:00,0.08521,1771.2019500326742,closed,8.198911177080198,0.4629009795821955,865.5811152454421,0.08525924587370254,0.08368,0.08731,0.4180814233524547,1.4169615600261394
480,short,2021-12-15,07:00:00,0.08647,2021-12-15,18:45:00,0.08476,2186.0700803337363,closed,40.97646411341338,1.8744350641841139,906.5575793588555,0.08470190301053493,0.08726,0.08299,0.5056250908601218,1.748856064266989
481,long,2021-12-15,20:00:00,0.08675,2021-12-16,18:36:00,0.08648,1780.3272579067523,closed,-7.375788086359347,-0.4142939481267925,899.1817912724962,0.08648130860182843,0.08648,0.08869,0.41045008827821383,1.4242618063254018
482,long,2021-12-17,23:00:00,0.0802,2021-12-19,19:19:00,0.07986,1536.5391189717873,closed,-8.126414372856145,-0.5288778054862757,891.05537689964,0.07990335035178567,0.07864,0.08225,0.3831768376488248,1.2292312951774298
483,long,2021-12-20,19:00:00,0.07672,2021-12-22,12:54:00,0.0784,2149.2049896596773,closed,44.783246577029644,2.0837122002085517,935.8386234766697,0.07861960334531502,0.07671,0.08021,0.5602724164910525,1.719363991727742
484,short,2021-12-22,13:00:00,0.07858,2021-12-22,14:54:00,0.08005,2705.505528907547,closed,-53.465031021143886,-1.97615678289641,882.3735924555258,0.07989904728796637,0.08005,0.07854,0.6885990147384953,2.164404423126038
485,long,2021-12-22,20:00:00,0.08015,2021-12-22,23:19:00,0.07888,2520.3485479876554,closed,-42.58084062134781,-1.6894822208359244,839.792751834178,0.07889697494039509,0.07888,0.0803,0.6289079346195023,2.0162788383901242
486,long,2021-12-23,14:00:00,0.07932,2021-12-24,15:01:00,0.08176,2420.9794655540404,closed,71.92567616836327,2.970932929904182,911.7184280025413,0.08179426835866939,0.07915,0.08317,0.6104335515769139,1.9367835724432325
487,long,2021-12-25,09:00:00,0.081,2021-12-26,02:36:00,0.08079,2879.4630886935947,closed,-10.479823685763915,-0.3639506172839529,901.2386043167774,0.08086765689655513,0.08057,0.08215,0.7109785404181715,2.303570470954876
488,long,2021-12-26,11:00:00,0.08081,2021-12-27,22:45:00,0.08156,3316.8617588723937,closed,27.30949888614306,0.8233535453532814,928.5481032029204,0.08160213857390912,0.08001,0.0827,0.8209037888559322,2.653489407097915
489,long,2021-12-28,12:00:00,0.07945,2021-12-28,16:22:00,0.0782,2463.565037790577,closed,-41.35068334545003,-1.6784896161107627,887.1974198574703,0.0782027156647418,0.0782,0.0797,0.6201548238616934,1.970852030232462
490,short,2021-12-28,19:00:00,0.07753,2021-12-29,04:00:00,0.07859,2099.7164911500145,closed,-30.929016201329635,-1.473009157745378,856.2684036561407,0.07841794531908154,0.07859,0.07678,0.5416526483038862,1.6797731929200117
491,short,2021-12-29,13:00:00,0.07683,2021-12-29,14:52:00,0.07806,1710.120700253095,closed,-29.19122392342497,-1.7069686320447859,827.0771797327156,0.07805346369011161,0.07806,0.07613,0.44517003781155673,1.3680965602024762
492,long,2021-12-30,06:00:00,0.07686,2021-12-31,00:40:00,0.07686,1913.1466526251315,closed,-2.0283436693874153,-0.10602133749674734,825.0488360633283,0.07689862312784465,0.07682,0.07856,0.4978263472873099,1.5305173221001054
493,short,2021-12-31,01:00:00,0.07689,2021-12-31,08:27:00,0.07747,2268.1812513914156,closed,-19.513969514506847,-0.8603355442840385,805.5348665488215,0.0774084333255112,0.07747,0.07601,0.5899808171131268,1.8145450011131325
494,long,2021-12-31,09:00:00,0.07809,2021-12-31,13:55:00,0.07758,2106.064040956764,closed,-15.978793372695069,-0.758704059418633,789.5560731761263,0.0775865929500363,0.07758,0.07908,0.5393940430162029,1.6848512327654113
495,short,2021-12-31,17:00:00,0.07682,2021-12-31,22:04:00,0.07499,2170.5118772947467,closed,49.40426347269542,2.2761572507159573,838.9603366488218,0.07492722104670044,0.07686,0.07353,0.5650903091108427,1.7364095018357975
496,long,2022-01-01,02:00:00,0.07577,2022-01-03,07:50:00,0.0767,1992.043216302039,closed,22.330864923261075,1.121003035502178,861.2912015720829,0.0767144516658156,0.07543,0.07831,0.5258131757429164,1.5936345730416313
497,long,2022-01-03,13:00:00,0.07768,2022-01-03,16:09:00,0.07714,3400.7353301801845,closed,-27.236702899840584,-0.8009062821833146,834.0544986722423,0.07714631420792493,0.07714,0.07813,0.8755755227034461,2.7205882641441477
498,short,2022-01-03,17:00:00,0.07721,2022-01-04,10:32:00,0.07701,3089.579256818177,closed,4.731085800960295,0.1531304235202768,838.7855844732026,0.07697217018709537,0.07735,0.07593,0.8003054673794009,2.4716634054545414
499,short,2022-01-04,19:00:00,0.07601,2022-01-05,07:31:00,0.07705,2679.872809046016,closed,-39.51615423445922,-1.4745533482436515,799.2694302387433,0.07692953578805302,0.07705,0.07574,0.7051369054192912,2.143898247236813
500,short,2022-01-05,18:00:00,0.07616,2022-01-05,22:40:00,0.07024,2826.2978856426093,closed,216.6879838197871,7.6668487394958085,1015.9574140585304,0.07010689214424654,0.07616,0.06903,0.7422000750111893,2.2610383085140877
501,long,2022-01-06,08:00:00,0.07066,2022-01-07,03:24:00,0.06938,1979.0931406141794,closed,-37.99455505025585,-1.9197962071893622,977.9628590082746,0.06959635239028979,0.0693,0.07141,0.5601735467348371,1.5832745124913437
502,short,2022-01-07,04:00:00,0.06804,2022-01-07,08:27:00,0.06885,2024.1687315354784,closed,-26.31157553746867,-1.2998706643150957,951.6512834708059,0.06818365232725553,0.06885,0.06654,0.5949937482467603,1.6193349852283827
503,long,2022-01-07,11:00:00,0.06853,2022-01-07,13:41:00,0.06699,1803.384905068944,closed,-42.4945166488115,-2.356375310083175,909.1567668219943,0.06722182631858169,0.06699,0.06903,0.5263052400609789,1.4427079240551552
504,short,2022-01-07,16:00:00,0.06733,2022-01-07,16:59:00,0.06855,1532.7876989113965,closed,-29.455203078334968,-1.9216753304619023,879.7015637436593,0.06853680376981103,0.06855,0.06654,0.4553060148259013,1.2262301591291174
505,long,2022-01-07,17:00:00,0.06857,2022-01-08,15:04:00,0.06692,1387.2190185402592,closed,-34.8950422552617,-2.515467405570968,844.8065214883976,0.06695582507088976,0.06692,0.06913,0.4046139765320867,1.1097752148322073
506,long,2022-01-09,01:00:00,0.06566,2022-01-10,12:13:00,0.06548,1618.9530168928293,closed,-6.226484426590189,-0.38459945172098636,838.5800370618074,0.06548685589939512,0.06503,0.0672,0.49313220130759355,1.2951624135142634
507,long,2022-01-11,00:00:00,0.06339,2022-01-13,15:33:00,0.0666,1436.7301573750665,closed,71.15175488698002,4.952339485723306,909.7317919487874,0.06665004967089758,0.06291,0.0685,0.4532986771967397,1.1493841259000532
508,long,2022-01-14,03:00:00,0.06693,2022-01-14,10:56:00,0.06658,2484.3737059210007,closed,-15.721523635150335,-0.6328163753175005,894.0102683136371,0.06670457347318527,0.06658,0.06793,0.7423797119142389,1.9874989647368007
509,short,2022-01-14,12:00:00,0.06641,2022-01-14,14:56:00,0.06741,2300.1234971262334,closed,-37.16800072615695,-1.615913266074388,856.8422675874801,0.06731060943886027,0.06741,0.06602,0.6927039593814889,1.8400987977009868
510,long,2022-01-14,16:00:00,0.06732,2022-01-15,12:44:00,0.06709,2171.4403333724576,closed,-9.80102753917467,-0.4513606654783244,847.0412400483054,0.06709178893733629,0.06709,0.06842,0.6451100217981157,1.7371522666979662
511,long,2022-01-15,16:00:00,0.06866,2022-01-16,13:27:00,0.06907,2693.881886832403,closed,13.146583040849508,0.4880163122633375,860.1878230891549,0.06927055676557331,0.06823,0.07035,0.7847019769392377,2.1551055094659226
512,short,2022-01-16,14:00:00,0.06979,2022-01-17,00:43:00,0.07023,2798.103988515985,closed,-20.681352294084625,-0.73912021779624,839.5064707950703,0.0701827354740885,0.07023,0.06911,0.8018638740553043,2.238483190812788
513,long,2022-01-17,02:00:00,0.07091,2022-01-17,04:01:00,0.07,2713.1140816314387,closed,-37.75356975800325,-1.3915216471583618,801.7529010370671,0.07005293216479341,0.07,0.07115,0.7652274944666306,2.170491265305151
514,short,2022-01-17,05:00:00,0.06928,2022-01-17,07:21:00,0.07017,2247.2130905272948,closed,-31.315147960583538,-1.3935103926097026,770.4377530764835,0.07011587391907757,0.07017,0.06888,0.6487335711683878,1.797770472421836
515,long,2022-01-17,09:00:00,0.07177,2022-01-17,12:10:00,0.07096,1953.9600435931038,closed,-24.160170071690512,-1.2364720635363038,746.2775830047931,0.0709750704132972,0.07096,0.07239,0.5445060731762865,1.5631680348744832
516,short,2022-01-17,16:00:00,0.07064,2022-01-18,00:19:00,0.07128,1742.0637964650812,closed,-17.670011536421168,-1.014314835787092,728.6075714683719,0.07111306308558933,0.07128,0.0696,0.49322304543178974,1.393651037172065
517,long,2022-01-18,20:00:00,0.06805,2022-01-19,03:37:00,0.06755,1678.1022514108847,closed,-14.165599666428646,-0.8441440117560625,714.4419718019433,0.06757268402605573,0.06755,0.06905,0.4931968409730742,1.3424818011287079
518,short,2022-01-19,08:00:00,0.06679,2022-01-19,11:07:00,0.06774,1628.4431893921198,closed,-24.95285028007103,-1.5323132205419863,689.4891215218722,0.06767512876861441,0.06774,0.06621,0.4876308397640724,1.302754551513696
519,long,2022-01-19,12:00:00,0.06824,2022-01-20,03:30:00,0.06813,1581.52293207068,closed,-4.27808442375131,-0.2705041031652975,685.2110370981209,0.06829248639211796,0.06813,0.06978,0.4635178581684292,1.2652183456565442
520,long,2022-01-20,11:00:00,0.06948,2022-01-20,20:27:00,0.07074,2016.7354161100582,closed,34.379011148638526,1.7046862406447858,719.5900482467594,0.07078966512619177,0.06948,0.07197,0.580522572282688,1.6133883328880465
521,short,2022-01-20,22:00:00,0.06898,2022-01-21,00:35:00,0.06851,1756.6767666753615,closed,10.054567908258862,0.5723630037692058,729.6446161550182,0.06847281886541949,0.06935,0.06706,0.5093293031821866,1.4053414133402893
522,long,2022-01-22,13:00:00,0.05825,2022-01-22,16:02:00,0.05516,583.0923611048698,closed,-31.598100378774824,-5.41905579399142,698.0465157762434,0.05519548313388162,0.05516,0.05884,0.20020338578707977,0.4664738888838959
523,short,2022-01-23,15:00:00,0.05607,2022-01-23,23:13:00,0.05801,881.7472754547556,closed,-31.528024178332743,-3.5756304619225916,666.5184915979106,0.05765942665597623,0.05801,0.05544,0.31451659548947947,0.7053978203638045
524,long,2022-01-24,00:00:00,0.05749,2022-01-24,02:02:00,0.05546,955.2741208087239,closed,-34.8277424773372,-3.6458375369629445,631.6907491205734,0.05548438992184127,0.05546,0.05749,0.3323270554213686,0.7642192966469791
525,short,2022-01-24,03:00:00,0.05478,2022-01-24,15:36:00,0.05306,849.1836503141868,closed,25.673559350908146,3.0233223804308134,657.3643084714815,0.05304748736942957,0.05568,0.05101,0.31003419142540595,0.6793469202513495
526,long,2022-01-24,18:00:00,0.05351,2022-01-26,20:18:00,0.05612,673.8750931346099,closed,32.07791527250484,4.760216781909925,689.4422237439863,0.056170053104449544,0.05329,0.05878,0.251868844378475,0.5391000745076879
527,long,2022-01-27,10:00:00,0.05614,2022-01-27,20:17:00,0.05572,1408.3037518917845,closed,-12.164292642275635,-0.8637548984681218,677.2779311017107,0.05574581895457587,0.05572,0.05712,0.5017113473073689,1.1266430015134277
528,short,2022-01-27,21:00:00,0.05522,2022-01-27,23:14:00,0.05625,1455.8058013727923,closed,-28.846573135148155,-1.9814849692140586,648.4313579665626,0.05624448750926016,0.05625,0.05496,0.5272748284580921,1.1646446410982338
529,long,2022-01-28,01:00:00,0.05657,2022-01-30,19:08:00,0.05908,1378.6642332162908,closed,59.58071614230378,4.321626303694534,708.0120741088664,0.05912966295939246,0.05579,0.06046,0.4874188556536294,1.1029313865730326
530,long,2022-01-31,09:00:00,0.05742,2022-02-01,09:44:00,0.05892,1927.117654705253,closed,48.12974664537159,2.4974991292232693,756.141820754238,0.05895521091651903,0.05736,0.06001,0.6712356860694021,1.5416941237642026
531,short,2022-02-01,10:00:00,0.05902,2022-02-01,13:42:00,0.05975,2314.6079886035955,closed,-31.264698784184873,-1.3507556760420103,724.8771219700532,0.05974403992556508,0.05975,0.05878,0.7843469971547258,1.8516863908828765
532,long,2022-02-01,14:00:00,0.0597,2022-02-02,14:34:00,0.06043,2305.346913507194,closed,25.5727460636682,1.1092797319932906,750.4498680337214,0.060541417526185325,0.05913,0.06148,0.7723105237880047,1.8442775308057553
533,short,2022-02-02,15:00:00,0.06019,2022-02-03,08:05:00,0.05928,2322.0254667691543,closed,32.4770309876837,1.3986509386941373,782.9268990214051,0.059272633121457495,0.06034,0.0583,0.7715651991258197,1.8576203734153236
534,short,2022-02-03,11:00:00,0.05846,2022-02-03,15:19:00,0.05917,2337.5587460444563,closed,-31.0595421150781,-1.3287170715018857,751.867356906327,0.05916901082901642,0.05917,0.05819,0.799712195020341,1.870046996835565
535,short,2022-02-04,15:00:00,0.06248,2022-02-04,16:28:00,0.06372,1694.5191856499443,closed,-35.5280573126513,-2.096645326504478,716.3392995936757,0.0636761357504043,0.06372,0.06229,0.5424197137163714,1.3556153485199556
536,long,2022-02-04,17:00:00,0.06377,2022-02-05,17:05:00,0.06449,1501.7711258396646,closed,15.283447268808963,1.0176948408342676,731.6227468624846,0.06459909723562078,0.06345,0.06612,0.4709961191280116,1.2014169006717317
537,long,2022-02-06,11:00:00,0.06555,2022-02-06,14:50:00,0.06469,2312.5920208184652,closed,-32.89631279774171,-1.422486651411136,698.7264340647429,0.06479311431880097,0.06469,0.06583,0.7055963450247034,1.8500736166547722
538,short,2022-02-06,15:00:00,0.0646,2022-02-06,21:28:00,0.06552,2043.0350329313103,closed,-31.36280157054647,-1.5351083591331118,667.3636324941964,0.06550467336372151,0.06552,0.0644,0.6325185860468453,1.6344280263450484
539,long,2022-02-06,23:00:00,0.06541,2022-02-07,00:26:00,0.06526,2324.6707083099245,closed,-7.901534768951579,-0.3398990979972441,659.4620977252448,0.06533110884768747,0.06526,0.06627,0.7107997885063215,1.8597365666479397
540,short,2022-02-07,22:00:00,0.06849,2022-02-08,02:04:00,0.06904,1841.1250072703872,closed,-16.7954471534895,-0.912238282961029,642.6666505717553,0.06899660218330761,0.06904,0.06777,0.5376332332516828,1.4729000058163098
541,long,2022-02-08,05:00:00,0.06947,2022-02-08,08:13:00,0.06892,1876.1630643601343,closed,-16.89481193537026,-0.9004980567151415,625.771838636385,0.0689201766561947,0.06892,0.07011,0.5401361924169092,1.5009304514881074
542,long,2022-02-08,23:00:00,0.06793,2022-02-10,13:32:00,0.07011,1571.8311865474884,closed,48.72274059974739,3.099743853967321,674.4945792361324,0.07027779750642499,0.06732,0.07163,0.46277968100912364,1.2574649492379908
543,short,2022-02-10,14:00:00,0.06904,2022-02-10,15:00:00,0.07028,1716.6785185407414,closed,-32.703223077887614,-1.905028968713776,641.7913561582448,0.06997631410446165,0.07028,0.06862,0.49729968671516267,1.3733428148325932
544,long,2022-02-11,17:00:00,0.06618,2022-02-11,19:03:00,0.06481,1536.5942634403596,closed,-33.50286299283288,-2.180332426715014,608.2884931654119,0.06496792559815186,0.06481,0.06635,0.464368166648643,1.2292754107522876
545,long,2022-02-12,02:00:00,0.06466,2022-02-12,04:41:00,0.06353,1353.3732944946535,closed,-25.152901058559546,-1.8585338694710674,583.1355921068523,0.06357689263752755,0.06353,0.06503,0.4186122160515477,1.0826986355957229
546,short,2022-02-12,07:00:00,0.06276,2022-02-12,13:25:00,0.06428,1205.2992528702996,closed,-30.53977874933688,-2.5337922243467297,552.5958133575155,0.06423819515665809,0.06428,0.06272,0.3840979135979285,0.9642394022962397
547,short,2022-02-13,19:00:00,0.06381,2022-02-14,12:41:00,0.06438,1593.3619400743419,closed,-16.00723217302583,-1.0046199655226469,536.5885811844896,0.06432650122748312,0.06467,0.06322,0.4994082244395367,1.2746895520594737
548,short,2022-02-14,20:00:00,0.06373,2022-02-14,22:14:00,0.06466,1692.4825143513565,closed,-26.583209118868332,-1.5706637376431827,510.00537206562126,0.06465025534943247,0.06466,0.06364,0.5311415391028893,1.3539860114810853
549,long,2022-02-15,02:00:00,0.06562,2022-02-16,04:19:00,0.06564,1502.2493771172951,closed,-1.201799501693696,-0.07999999999999066,508.80357256392756,0.06583611860904326,0.06529,0.06695,0.4578632664179504,1.201799501693836
550,long,2022-02-16,12:00:00,0.06662,2022-02-16,13:49:00,0.0658,1985.8679320157623,closed,-26.62815791350878,-1.3408826178324846,482.17541465041876,0.06591655719401737,0.0658,0.06677,0.596177703997527,1.58869434561261
551,short,2022-02-16,14:00:00,0.06578,2022-02-16,19:08:00,0.06639,1674.0906843660628,closed,-17.37267375075552,-1.0377379142596523,464.80274089966326,0.06636730527658707,0.06639,0.06542,0.5089968635956409,1.3392725474928502
552,long,2022-02-16,21:00:00,0.06655,2022-02-17,04:01:00,0.06602,1552.753406391648,closed,-14.074875505209647,-0.9064462809917396,450.7278653944536,0.06608394285790829,0.06602,0.06708,0.46664264654895515,1.2422027251133185
553,short,2022-02-17,05:00:00,0.06581,2022-02-18,02:07:00,0.06303,1409.6507781171663,closed,57.99150362311281,4.1138915058501615,508.7193690175664,0.0630021187687786,0.06643,0.06195,0.4284001756928025,1.127720622493733
554,long,2022-02-18,04:00:00,0.06294,2022-02-18,14:43:00,0.06272,1321.8110504082006,closed,-6.097719766573231,-0.4613155386081951,502.6216492509932,0.0627988285138758,0.06272,0.06401,0.42002257718722613,1.0574488403265605
555,short,2022-02-18,17:00:00,0.06257,2022-02-19,02:29:00,0.06373,1202.500650849153,closed,-23.63981365799743,-1.9658878056576548,478.98183559299576,0.06372765154145349,0.06373,0.06242,0.3843697141918342,0.9620005206793225
556,short,2022-02-19,17:00:00,0.06371,2022-02-20,12:18:00,0.06212,1380.2594238811978,closed,32.909405637688046,2.384291320043951,511.8912412306838,0.0621154419269901,0.0639,0.06101,0.433294435373159,1.1042075391049584
557,long,2022-02-20,13:00:00,0.06205,2022-02-21,00:25:00,0.06167,1515.8481301713161,closed,-10.984463388400131,-0.7246414182111175,500.9067778422837,0.06167230759315004,0.06144,0.06272,0.48858924421315597,1.212678504137053
558,short,2022-02-21,11:00:00,0.06244,2022-02-21,14:19:00,0.06228,1517.3337437432133,closed,2.1882266008422406,0.144215246636772,503.09500444312596,0.062190644027309186,0.06261,0.06116,0.4860133708338288,1.2138669949945706
559,long,2022-02-22,09:00:00,0.06039,2022-02-23,19:03:00,0.06224,971.3496307021747,closed,28.657757589443516,2.950303030303026,531.7527620325694,0.062266098272032194,0.0602,0.06383,0.3216922108634459,0.7770797045617398
560,long,2022-02-24,13:00:00,0.05785,2022-02-25,15:00:00,0.06101,896.7994879719381,closed,47.959317405852154,5.347830596369928,579.7120794384216,0.06102490662092424,0.05771,0.06274,0.31004303819254564,0.7174395903775506
561,short,2022-02-25,15:00:00,0.06101,2022-02-25,16:04:00,0.06025,1139.3715409090864,closed,12.908121522767376,1.1329159154237072,592.620200961189,0.06019209397008101,0.06101,0.05864,0.3735032096079615,0.9114972327272692
562,long,2022-02-26,01:00:00,0.06125,2022-02-26,11:13:00,0.05908,754.9487512477848,closed,-27.597228637449614,-3.6555102040816303,565.0229723237394,0.05911599659918112,0.05908,0.06152,0.2465138779584604,0.6039590009982279
563,long,2022-02-26,16:00:00,0.05963,2022-02-27,19:43:00,0.05881,916.8493154575798,closed,-13.649015675481412,-1.4886869025658247,551.373956648258,0.058872603206893956,0.05838,0.06071,0.30751276721703164,0.7334794523660638
564,long,2022-02-28,08:00:00,0.05828,2022-03-01,06:10:00,0.06112,1100.6863293520964,closed,52.37846687291013,4.7587096774193585,603.7524235211681,0.061160271041052365,0.05821,0.06262,0.37772351727937425,0.8805490634816772
565,short,2022-03-01,07:00:00,0.06136,2022-03-01,13:53:00,0.06251,1260.8995172035613,closed,-25.05129515366123,-1.9867796610169464,578.7011283675068,0.062489040482679406,0.06251,0.06102,0.41098419726322083,1.0087196137628491
566,long,2022-03-02,04:00:00,0.06267,2022-03-02,07:16:00,0.06155,1373.6617956271755,closed,-26.086554249250806,-1.899052178075639,552.6145741182561,0.061569907971880625,0.06155,0.06289,0.4383793826798071,1.0989294365017404
567,long,2022-03-03,14:00:00,0.06082,2022-03-03,15:41:00,0.05986,1671.0374652784242,closed,-28.262458317715335,-1.691312068398557,524.3521158005408,0.05992433677891021,0.05986,0.06093,0.5495026192957659,1.3368299722227395
568,short,2022-03-03,16:00:00,0.05985,2022-03-04,11:38:00,0.05934,1396.4416908641192,closed,10.315702595903916,0.7387134502924037,534.6678183964447,0.059333658593694764,0.06012,0.05821,0.4666471815753114,1.1171533526912953
569,short,2022-03-04,20:00:00,0.05809,2022-03-05,03:51:00,0.0585,1422.6914495227709,closed,-11.669351701446283,-0.8202306765364101,522.9984666949983,0.05849155268983545,0.0585,0.0574,0.48982318799200236,1.1381531596182168
570,short,2022-03-06,02:00:00,0.06023,2022-03-06,06:27:00,0.06054,1714.2039785058503,closed,-10.763481942673963,-0.6278997177486266,512.2349847523244,0.06053879957239675,0.06054,0.05962,0.5692193187799602,1.3713631828046804
571,long,2022-03-07,09:00:00,0.05865,2022-03-07,18:01:00,0.05947,1660.8948691713404,closed,21.326286582703414,1.2840238704177345,533.5612713350279,0.05966559050324742,0.05858,0.06057,0.5663750619510113,1.3287158953370724
572,short,2022-03-07,20:00:00,0.05808,2022-03-07,22:39:00,0.05888,1373.1971040482417,closed,-20.485982361605693,-1.4918457300275518,513.0752889734222,0.05884836090856079,0.05888,0.05772,0.47286401654553784,1.0985576832385935
573,long,2022-03-08,02:00:00,0.05924,2022-03-09,10:03:00,0.06128,1257.808442975775,closed,41.88323762798038,3.329858203916273,554.9585266014026,0.06140176434660922,0.05914,0.06261,0.424648360221396,1.0062467543806202
574,long,2022-03-10,10:00:00,0.05932,2022-03-11,16:07:00,0.05963,1357.8947758816732,closed,5.552077385729113,0.4088739042481537,560.5106039871317,0.05963782434461388,0.05825,0.06085,0.4578202211334031,1.0863158207053387
575,long,2022-03-11,23:00:00,0.06044,2022-03-12,03:55:00,0.05963,1709.576438992444,closed,-24.844637398111985,-1.4532627399073434,535.6659665890197,0.059699191395824684,0.05963,0.06069,0.5657102710100742,1.3676611511939554
576,short,2022-03-12,04:00:00,0.05966,2022-03-14,04:12:00,0.0599,1562.3097487662922,closed,-8.05843872558431,-0.5158028830036944,527.6075278634354,0.05989277514404352,0.06025,0.05887,0.5237377635823978,1.2498477990130339
577,short,2022-03-14,14:00:00,0.0599,2022-03-14,22:50:00,0.0603,2244.4605494011817,closed,-17.53302137355251,-0.781168614357258,510.0745064898829,0.060214037567678604,0.0603,0.05951,0.7494025206681741,1.7955684395209455
578,long,2022-03-15,01:00:00,0.06008,2022-03-15,13:43:00,0.05985,2189.4075783010226,closed,-10.861910459699038,-0.49611185086551435,499.2125960301838,0.05986014683758214,0.05952,0.06056,0.7288307517646546,1.7515260626408182
579,short,2022-03-16,04:00:00,0.06007,2022-03-16,19:19:00,0.06037,1647.8981741637276,closed,-10.096867161478404,-0.6127118361911132,489.1157288687054,0.06034987723372991,0.06075,0.05944,0.548659288884211,1.3183185393309822
580,long,2022-03-16,21:00:00,0.06087,2022-03-18,09:01:00,0.0602,1675.6011390324093,closed,-20.33448100868558,-1.2135633316904944,468.7812478600198,0.0602015882615886,0.0602,0.06109,0.5505507274625955,1.3404809112259275
581,long,2022-03-18,16:00:00,0.06047,2022-03-19,03:34:00,0.06131,2343.906239300102,closed,29.90928242093109,1.2760443194972722,498.6905302809509,0.061312795928289913,0.06046,0.06186,0.7752294490822232,1.8751249914400816
582,short,2022-03-19,08:00:00,0.06138,2022-03-19,14:54:00,0.06189,2493.452651404757,closed,-23.52506360767529,-0.9434734441186112,475.1654666732756,0.061872451707166515,0.06189,0.0613,0.8124642070396733,1.9947621211238058
583,long,2022-03-19,15:00:00,0.06196,2022-03-19,22:17:00,0.06151,2331.0994927584043,closed,-19.547525843342417,-0.8385539057456407,455.61794082993316,0.061518511459795346,0.06151,0.06215,0.7524530318781164,1.8648795942067236
584,long,2022-03-20,07:00:00,0.06205,2022-03-20,09:26:00,0.06138,2006.021160708695,closed,-23.911901552080373,-1.1920064464141884,431.70603927785277,0.0614453440925192,0.06138,0.06215,0.6465821630003853,1.6048169285669562
585,long,2022-03-20,23:00:00,0.06161,2022-03-21,02:40:00,0.06081,1497.2759438291605,closed,-21.125856365190003,-1.4109527674078806,410.58018291266274,0.06081180670505238,0.06081,0.0617,0.48604964902748277,1.1978207550633284
586,short,2022-03-21,03:00:00,0.06094,2022-03-21,13:40:00,0.0618,1364.9692332747056,closed,-20.802722437518035,-1.5240433212996385,389.7774604751447,0.06175653187986773,0.0618,0.06084,0.44797152388405176,1.0919753866197646
587,short,2022-03-21,17:00:00,0.06113,2022-03-22,02:00:00,0.06189,1453.956931368273,closed,-19.71520883754118,-1.3559692458694645,370.06225163760354,0.06188938796276526,0.06189,0.06107,0.4756934177550379,1.1631655450946186
588,short,2022-03-22,15:00:00,0.06339,2022-03-23,00:19:00,0.06362,1358.3126479644861,closed,-6.443617494789218,-0.47438397223535905,363.6186341428143,0.06359350687253267,0.06362,0.06273,0.4285573901134204,1.0866501183715889
589,long,2022-03-23,01:00:00,0.06447,2022-03-23,03:32:00,0.06369,1228.9822260607407,closed,-16.233469336744296,-1.3208872343725808,347.38516480607,0.06373626393913248,0.06369,0.06469,0.38125708889739124,0.9831857808485926
590,short,2022-03-23,05:00:00,0.06336,2022-03-23,14:22:00,0.06434,1036.4514472168116,closed,-17.18729637268516,-1.65828282828282,330.1978684333848,0.06432181163146701,0.06434,0.06326,0.327162704298236,0.8291611577734493
591,long,2022-03-23,15:00:00,0.06476,2022-03-23,17:51:00,0.06392,1157.201193210799,closed,-16.293164076268447,-1.4079802347127757,313.9047043571164,0.06395606325999308,0.06392,0.06488,0.3573814679465099,0.9257609545686392
592,short,2022-03-23,19:00:00,0.06383,2022-03-24,00:17:00,0.06461,1042.511933383345,closed,-13.900115558091276,-1.333329155569486,300.0045887990251,0.06460097400123223,0.06461,0.06364,0.3266526502846138,0.834009546706676
593,long,2022-03-24,01:00:00,0.06461,2022-03-25,08:12:00,0.06559,1011.6807607117673,closed,14.22259364066896,1.4058381055564073,314.22718243969405,0.06567202505201997,0.06378,0.06663,0.31316538019246787,0.8093446085694139
594,short,2022-03-25,09:00:00,0.0661,2022-03-25,20:04:00,0.06478,1109.9890034451596,closed,20.942352284062473,1.8867170953101389,335.1695347237565,0.06477561362746824,0.06621,0.06384,0.33585143825874725,0.8879912027561278
595,long,2022-03-26,07:00:00,0.06435,2022-03-27,12:20:00,0.06644,1339.0264870957944,closed,42.002358115502645,3.136783216783208,377.17189283925916,0.06649463282588783,0.06422,0.0673,0.4161698483592213,1.0712211896766357
596,long,2022-03-27,16:00:00,0.06868,2022-03-28,16:21:00,0.07045,983.5378321987034,closed,24.274194870346523,2.468048922539303,401.4460877096057,0.07063311290363425,0.06762,0.07195,0.2864117158412066,0.7868302657589628
597,long,2022-03-29,06:00:00,0.07209,2022-03-29,13:50:00,0.07074,875.1633846167098,closed,-17.331755578339724,-1.9804022749341157,384.114332131266,0.07079658025166008,0.07074,0.07245,0.24279744336709944,0.7001307076933678
598,long,2022-03-30,06:00:00,0.06941,2022-03-30,10:58:00,0.07172,840.0424965778722,closed,27.042954003938288,3.2192364212649567,411.1572861352043,0.07187309362908167,0.06941,0.07346,0.24205229695371624,0.6720339972622977
599,short,2022-03-30,20:00:00,0.07141,2022-03-30,23:43:00,0.0734,671.8652088880019,closed,-19.448696058230517,-2.8947318302758793,391.7085900769738,0.0733550172783548,0.0734,0.07117,0.18817118299621954,0.5374921671104016
600,long,2022-03-31,00:00:00,0.07337,2022-03-31,03:55:00,0.07421,675.229424489456,closed,7.006335856365224,1.0376230066784702,398.71492593333903,0.07423185968119815,0.07337,0.07636,0.18406144868187438,0.5401835395915648
601,short,2022-03-31,14:00:00,0.07632,2022-03-31,17:31:00,0.07627,554.5261925862625,closed,-0.22564682176312928,-0.040691823899378296,398.4892791115759,0.07590377689945627,0.07632,0.07316,0.1453160882039472,0.44362095406901003
602,long,2022-04-01,14:00:00,0.07298,2022-04-02,15:08:00,0.07404,640.0857948011826,closed,8.609460914628011,1.3450479583447406,407.0987400262039,0.07416829300183142,0.07298,0.07644,0.17541402981671214,0.5120686358409461
603,long,2022-04-03,07:00:00,0.07311,2022-04-04,00:27:00,0.07234,1101.8778009950452,closed,-12.7879919519994,-1.1605635344002092,394.3107480742045,0.07239944239477197,0.07234,0.07375,0.30143011927097396,0.8815022407960361
604,short,2022-04-04,02:00:00,0.07203,2022-04-04,19:51:00,0.06998,1225.0525142485433,closed,33.54524750580981,2.738270165208936,427.85599558001434,0.0699792239048302,0.07224,0.06882,0.3401506356375242,0.9800420113988346
605,long,2022-04-04,22:00:00,0.07056,2022-04-05,10:03:00,0.07051,1157.8635500054177,closed,-2.07496499675565,-0.17920634920634138,425.7810305832587,0.07052632656421456,0.07041,0.07183,0.3281926162146876,0.9262908400043341
606,short,2022-04-05,14:00:00,0.07047,2022-04-06,05:45:00,0.06784,1283.509573997222,closed,46.510583970329094,3.623703703703714,472.2916145535878,0.06783885724240289,0.07049,0.06667,0.36427120022625864,1.0268076591977777
607,long,2022-04-06,09:00:00,0.06777,2022-04-06,11:13:00,0.06653,1283.4134975093336,closed,-24.888336329389332,-1.93922974767595,447.40327822419846,0.0665330440197017,0.06653,0.06778,0.3787556433552704,1.026730798007467
608,long,2022-04-07,03:00:00,0.06377,2022-04-07,15:14:00,0.06304,867.740853079295,closed,-10.899706871101769,-1.2561016151795428,436.5035713530967,0.06313602375115154,0.06304,0.06478,0.2721470450303576,0.694192682463436
609,short,2022-04-08,11:00:00,0.06403,2022-04-08,15:01:00,0.06376,1301.9878100478857,closed,4.041916741060233,0.31044198032173403,440.5454880941569,0.06367333277078496,0.06403,0.0626,0.4066805591278731,1.0415902480383086
610,long,2022-04-09,04:00:00,0.06297,2022-04-09,15:37:00,0.06241,1136.931527056428,closed,-11.381520538347159,-1.0010735270763824,429.16396755580973,0.06245999911493737,0.06241,0.06368,0.361102597127657,0.9095452216451424
611,short,2022-04-09,16:00:00,0.06235,2022-04-09,21:48:00,0.06338,1237.3628685856909,closed,-21.827596983160117,-1.7640417000801971,407.3363705726496,0.06337126621771387,0.06338,0.06229,0.3969086988246001,0.9898902948685527
612,short,2022-04-10,09:00:00,0.06329,2022-04-10,17:36:00,0.06384,1397.4113037317709,closed,-13.703241780022898,-0.9806162110917915,393.63312879262674,0.06375243131369758,0.06384,0.06283,0.4415899205978104,1.1179290429854167
613,long,2022-04-10,18:00:00,0.06396,2022-04-10,22:00:00,0.06334,1392.5852666804722,closed,-15.048629981254248,-1.080625390869308,378.5844988113725,0.0633560418898589,0.06334,0.06426,0.43545505524717704,1.1140682133443778
614,short,2022-04-10,23:00:00,0.06243,2022-04-12,05:17:00,0.05873,1214.9328377722254,closed,70.64350852718398,5.814601954188695,449.2280073385565,0.05870268875801122,0.0626,0.05773,0.3892144282467485,0.9719462702177804
615,short,2022-04-12,20:00:00,0.05901,2022-04-13,05:32:00,0.06017,1193.3606836115741,closed,-24.817857614194104,-2.0796610743941724,424.4101497243624,0.06012068451797917,0.06017,0.05901,0.40446049266618345,0.9546885468892593
616,short,2022-04-13,13:00:00,0.05979,2022-04-13,13:53:00,0.0606,1418.5578633186474,closed,-20.82715314053742,-1.4681920053520625,403.582996583825,0.06057441127176352,0.0606,0.05968,0.4745134180694589,1.134846290654918
617,long,2022-04-13,14:00:00,0.06066,2022-04-14,11:27:00,0.06097,1241.14659975228,closed,4.9406882910548715,0.3980745136828302,408.52368487487985,0.060983760961933864,0.06042,0.06197,0.40921417730045506,0.9929172798018241
618,long,2022-04-15,00:00:00,0.06009,2022-04-16,15:40:00,0.06123,1317.1669471956106,closed,23.496557353528033,1.7838708603761064,432.0202422284079,0.06127814438836333,0.05981,0.06221,0.43839805198722276,1.0537335577564886
619,long,2022-04-16,23:00:00,0.06197,2022-04-17,16:49:00,0.06205,1766.1375555489587,closed,0.29708274776583576,0.016821042439896208,432.3173249761737,0.06208206655572269,0.06154,0.06284,0.5699975974016327,1.4129100444391671
620,short,2022-04-17,17:00:00,0.06182,2022-04-18,01:41:00,0.06054,1809.8249638273448,closed,35.439546279705844,1.958175347783894,467.75687125587956,0.060538354746016654,0.06196,0.0598,0.5855143849328195,1.447859971061876
621,long,2022-04-18,11:00:00,0.05966,2022-04-20,09:45:00,0.06257,1377.638671791415,closed,65.63231349228849,4.764116661079454,533.3891847481681,0.0625771663916476,0.0596,0.06359,0.46182992684928426,1.102110937433132
622,long,2022-04-21,01:00:00,0.06285,2022-04-21,12:40:00,0.06536,1922.7148254227598,closed,74.63621024471618,3.881813842482097,608.0253949928842,0.06543822458593017,0.06243,0.06631,0.611842426546622,1.538171860338208
623,long,2022-04-23,02:00:00,0.0677,2022-04-24,02:08:00,0.06681,172.2092924246664,closed,-2.4525452198547515,-1.4241654357459408,605.5728497730295,0.06691157246181474,0.06681,0.06922,0.050874237053077226,0.13776743393973312
624,long,2022-04-24,18:00:00,0.06552,2022-04-25,00:23:00,0.06507,159.9465663253926,closed,-1.2753151006325556,-0.7973382173382053,604.2975346723969,0.06510034893695947,0.06507,0.06651,0.0488237381945643,0.12795725306031408
625,short,2022-04-25,01:00:00,0.063,2022-04-25,12:00:00,0.06341,153.56999082222984,closed,-1.1710321204920358,-0.7625396825396726,603.1265025519049,0.06337651108565055,0.06396,0.06178,0.04875237803880313,0.12285599265778388
626,short,2022-04-22,00:00:00,0.0711,2022-04-26,01:21:00,0.06557,573.5835365079519,closed,43.99184043041123,7.669648382559766,647.1183429823161,0.0655484663900212,0.07222,0.06178,0.16134557988971923,0.4588668292063615
627,long,2022-04-25,12:00:00,0.06341,2022-04-26,13:36:00,0.06408,147.71483021976968,closed,1.3960157977521275,0.9450749093203028,648.5143587800683,0.06411734518084615,0.06292,0.06559,0.04659038959778259,0.11817186417581575
628,short,2022-04-26,08:00:00,0.06491,2022-04-26,22:31:00,0.06281,1811.220908465631,closed,56.59045463370347,3.124436912648268,705.1048134137718,0.06278956180294337,0.06517,0.06163,0.5580714553891947,1.4489767267725049
629,long,2022-04-27,03:00:00,0.06253,2022-04-27,14:16:00,0.06241,1809.2535287534563,closed,-5.498186351316975,-0.30389253158484253,699.6066270624548,0.062431536051137604,0.06232,0.06365,0.5786833611877359,1.4474028230027651
630,short,2022-04-27,18:00:00,0.06258,2022-04-28,02:43:00,0.06353,1816.03665485865,closed,-29.601687668612108,-1.6300159795461913,670.0049393938426,0.06351541021582452,0.06353,0.06231,0.5803888318500001,1.45282932388692
631,short,2022-04-28,13:00:00,0.06323,2022-04-28,15:07:00,0.06345,2240.4354015237523,closed,-10.29629417549272,-0.4595666613949263,659.70864521835,0.06342545043095328,0.06345,0.06248,0.7086621545227748,1.792348321219002
632,long,2022-04-28,19:00:00,0.06379,2022-04-29,10:43:00,0.06879,2050.4812016319415,closed,158.43794054625172,7.726866279981196,818.1465857646017,0.068883830766042,0.06312,0.06991,0.6428848413958118,1.6403849613055532
633,short,2022-04-29,15:00:00,0.0645,2022-04-30,01:08:00,0.06503,1137.4493932913317,closed,-10.609140387659972,-0.9327131782945778,807.5374453769417,0.06497968363133588,0.06503,0.06266,0.35269748629188585,0.9099595146330655
634,long,2022-04-30,02:00:00,0.06487,2022-04-30,14:04:00,0.06308,1274.3805850770884,closed,-36.57721772518407,-2.87019577616772,770.9602276517577,0.0631446895733101,0.06308,0.0652,0.3929029089184796,1.0195044680616707
635,long,2022-04-30,21:00:00,0.06336,2022-04-30,23:07:00,0.06285,1487.1502658358474,closed,-13.629581969186892,-0.9164898989898936,757.3306456825708,0.06287766293607994,0.06285,0.06452,0.4694287455289923,1.1897202126686781
636,short,2022-05-02,10:00:00,0.07086,2022-05-02,21:44:00,0.06735,1024.545115659306,closed,49.6413073685365,4.84520462884563,806.9719530511072,0.06719894028544235,0.07116,0.06458,0.2891744610949213,0.8196360925274448
637,long,2022-05-03,00:00:00,0.06893,2022-05-03,14:22:00,0.07209,1033.038814219147,closed,46.23206128357489,4.475346003191638,853.2040143346821,0.07224772087368962,0.06815,0.07494,0.2997356199678361,0.8264310513753177
638,short,2022-05-03,18:00:00,0.07203,2022-05-04,00:07:00,0.07298,991.0136908540445,closed,-14.138406956132211,-1.4266611134249712,839.0656073785499,0.0728606779078685,0.07298,0.06976,0.27516692790616265,0.7928109526832356
639,long,2022-05-04,07:00:00,0.07411,2022-05-04,12:26:00,0.07857,1028.0865242950724,closed,60.77116413463394,5.911094319255169,899.8367715131839,0.07866578215970385,0.07383,0.08169,0.2774487988922069,0.822469219436058
640,short,2022-05-04,16:00:00,0.07523,2022-05-04,18:48:00,0.07966,832.9066637637475,closed,-49.934365391474465,-5.9951934068855355,849.9024061217094,0.07918376388051918,0.07966,0.07512,0.22142939353017346,0.666325331010998
641,long,2022-05-04,19:00:00,0.08062,2022-05-05,05:33:00,0.08486,753.7768099751477,closed,38.85292171866748,5.15443314314067,888.7553278403769,0.0848949456102403,0.08018,0.08944,0.1869949913111257,0.6030214479801181
642,short,2022-05-05,06:00:00,0.0854,2022-05-06,02:23:00,0.07648,804.241650480658,closed,83.17101756108916,10.341545667447303,971.926345401466,0.07631871265012241,0.088,0.0716,0.18834699074488476,0.6433933203845265
643,long,2022-05-06,03:00:00,0.07679,2022-05-06,18:08:00,0.08129,761.3989090301845,closed,43.81160118082676,5.754092980856887,1015.7379465822928,0.08134887503263943,0.07653,0.08625,0.19830678708951285,0.6091191272241476
644,short,2022-05-07,05:00:00,0.08173,2022-05-07,18:56:00,0.08746,755.9842832858785,closed,-53.791005815149454,-7.115360332803132,961.9469407671434,0.08587060768917981,0.08746,0.08038,0.1849955422209418,0.6047874266287029
645,long,2022-05-07,19:00:00,0.08692,2022-05-07,21:53:00,0.08242,849.2838585069417,closed,-44.84375106806855,-5.280184077312476,917.1031896990748,0.08244747455376861,0.08242,0.08737,0.1954173627489512,0.6794270868055534
646,short,2022-05-07,22:00:00,0.08153,2022-05-08,14:53:00,0.08564,694.4487742772466,closed,-35.73369513821268,-5.14562001717158,881.3694945608622,0.08562350889408543,0.08564,0.08024,0.1703541700667844,0.5555590194217973
647,long,2022-05-08,11:00:00,0.08292,2022-05-08,17:39:00,0.08699,796.4990762354263,closed,38.26561379682015,4.804225759768457,919.6351083576824,0.08712622192801076,0.08151,0.0919,0.1921126570755973,0.637199260988341
648,short,2022-05-09,01:00:00,0.08596,2022-05-09,20:11:00,0.07702,777.141713495963,closed,80.02165661971024,10.29691949744066,999.6567649773926,0.07700606297549083,0.08623,0.07192,0.18081473092041953,0.6217133707967705
649,long,2022-05-10,01:00:00,0.07748,2022-05-10,21:36:00,0.07568,603.1671191856918,closed,-14.650888844005713,-2.428993288590599,985.0058761333869,0.07581944061547861,0.07568,0.08224,0.1556962104248043,0.4825336953485535
650,short,2022-05-10,22:00:00,0.07445,2022-05-11,03:00:00,0.07954,673.8487853860821,closed,-46.789815003095676,-6.9436668905305545,938.2160611302912,0.07951140533221515,0.07954,0.07407,0.18102049305200327,0.5390790283088657
651,long,2022-05-11,05:00:00,0.07771,2022-05-11,06:59:00,0.07439,680.9497687298594,closed,-29.812192932442805,-4.378031141423245,908.4038681978484,0.07472653830146474,0.07439,0.08008,0.17525409052370594,0.5447598149838876
652,short,2022-05-11,07:00:00,0.07487,2022-05-11,12:23:00,0.06888,594.3770108286485,closed,46.919059025062694,7.893821290236421,955.3229272229111,0.06678130115843091,0.07662,0.06106,0.1587757475166685,0.47550160866291885
653,short,2022-05-11,21:00:00,0.07042,2022-05-12,00:30:00,0.07783,385.3824802571948,closed,-40.96993376482145,-10.630979835274069,914.3529934580896,0.07779819133995668,0.07783,0.06907,0.10945256468537201,0.30830598420575583
654,long,2022-05-11,22:00:00,0.07353,2022-05-12,08:29:00,0.07064,378.922381000855,closed,-15.299250086393089,-4.03756833945329,899.0537433716966,0.07065096518432595,0.07064,0.07992,0.10306606310372775,0.30313790480068403
655,long,2022-05-11,15:00:00,0.07841,2022-05-12,10:38:00,0.06952,360.90351340369165,closed,-41.2994396124943,-11.443346511924494,857.7543037592022,0.06954231345199448,0.06907,0.07992,0.09205548103652385,0.2887228107229533
656,long,2022-05-12,16:00:00,0.07122,2022-05-12,22:27:00,0.06579,419.55303428619015,closed,-32.44128742686363,-7.732344846953108,825.3130163323386,0.06585972116496963,0.06579,0.07314,0.11781888073187032,0.3356424274289521
657,short,2022-05-12,19:00:00,0.06902,2022-05-13,03:50:00,0.07245,294.49958352944066,closed,-14.956311970164196,-5.0785511445957745,810.3567043621745,0.07221818243460702,0.07245,0.06552,0.08533746262806163,0.23559966682355254
658,short,2022-05-12,06:00:00,0.0737,2022-05-13,05:24:00,0.07443,379.30135276712485,closed,-4.163359868853341,-1.0976390773405624,806.1933444933211,0.07440314991842838,0.07566,0.06552,0.10293116764372452,0.3034410822136999
659,long,2022-05-13,03:00:00,0.06942,2022-05-14,14:00:00,0.07087,524.583211636949,closed,10.386354644185698,1.9799250936329689,816.5796991375067,0.07097916668291682,0.0694,0.07644,0.15113316382510777,0.41966656930955926
660,long,2022-05-15,00:00:00,0.07237,2022-05-15,05:07:00,0.06932,396.26450739690284,closed,-17.126905729290332,-4.322089263506973,799.4527934082164,0.06938141280801108,0.06932,0.07237,0.10951071090145166,0.3170116059175223
661,short,2022-05-14,00:00:00,0.07424,2022-05-15,22:02:00,0.07175,737.326797658127,closed,23.941350714561782,3.2470474137931116,823.3941441227781,0.07170870192737355,0.07602,0.06765,0.1986332967829006,0.5898614381265016
662,long,2022-05-15,13:00:00,0.06963,2022-05-16,06:01:00,0.06981,310.62997875045113,closed,0.4652802565525913,0.14978601177653256,823.8594243793307,0.06982832916452913,0.06765,0.07248,0.08922302994411925,0.24850398300036092
663,short,2022-05-16,06:00:00,0.07001,2022-05-16,20:45:00,0.06962,1191.0074223272488,closed,5.341619805047554,0.4484959291529802,829.2010441843782,0.06949004470120744,0.07001,0.06707,0.3402392293464502,0.9528059378617991
664,short,2022-05-17,12:00:00,0.0702,2022-05-17,19:08:00,0.07128,1753.8871268178352,closed,-28.885671517688095,-1.6469515669515638,800.3153726666901,0.07119945437456277,0.07171,0.06954,0.4996829421133434,1.4031097014542682
665,long,2022-05-17,20:00:00,0.07301,2022-05-18,03:14:00,0.07146,1339.6644265773982,closed,-29.87974619304288,-2.2303903574852892,770.4356264736472,0.07164919172446507,0.07146,0.07383,0.3669810783666342,1.0717315412619186
666,short,2022-05-18,04:00:00,0.0715,2022-05-18,18:24:00,0.07125,1465.1134642152333,closed,3.5408616309984993,0.24167832167832204,773.9764881046457,0.07120992768609126,0.07254,0.06933,0.40982194803223315,1.1720907713721866
667,long,2022-05-18,20:00:00,0.07191,2022-05-19,01:57:00,0.07044,1546.7589469124243,closed,-33.286785976880665,-2.1520344875538853,740.689702127765,0.07048086221674345,0.07044,0.07228,0.4301930042865873,1.2374071575299395
668,short,2022-05-19,02:00:00,0.07038,2022-05-19,03:10:00,0.07181,1417.0962374931767,closed,-30.329322689981854,-2.1402443876101174,710.3603794377832,0.07180931549094961,0.07181,0.06997,0.40269856137913523,1.1336769899945414
669,long,2022-05-19,04:00:00,0.07193,2022-05-20,14:12:00,0.07299,1308.9803010736202,closed,17.87870917102171,1.365850132072856,728.2390886088049,0.0730182432756608,0.07112,0.07497,0.3639594886900098,1.0471842408588963
670,long,2022-05-21,05:00:00,0.0715,2022-05-21,19:28:00,0.07362,1321.677606892559,closed,37.76116105398789,2.8570629370629526,766.0002496627927,0.07373018926234398,0.07106,0.0757,0.36970002990001655,1.0573420855140472
671,short,2022-05-22,03:00:00,0.07402,2022-05-22,07:59:00,0.07511,1881.5768416667256,closed,-29.721288145179553,-1.5795947041340095,736.2789615176132,0.07505669739402764,0.07511,0.07355,0.5083968769702042,1.5052614733333807
672,long,2022-05-22,08:00:00,0.07502,2022-05-22,15:23:00,0.07545,1904.8992626879963,closed,8.88675371304446,0.46652092775259907,745.1657152306576,0.075490168799606,0.07467,0.07694,0.5078377133265787,1.523919410150397
673,short,2022-05-23,02:00:00,0.07697,2022-05-23,16:46:00,0.07775,1591.9385145053855,closed,-17.81961826131605,-1.1193659867480874,727.3460969693416,0.07757143279965571,0.0784,0.07577,0.41365168624279214,1.2735508116043084
674,long,2022-05-23,18:00:00,0.08137,2022-05-23,19:46:00,0.08008,1284.630301571574,closed,-21.709352208060274,-1.689929949612879,705.6367447612813,0.08010645197384837,0.08008,0.08241,0.3157503506382141,1.0277042412572592
675,short,2022-05-23,23:00:00,0.07753,2022-05-24,09:04:00,0.07896,960.4697196099221,closed,-18.73150093284501,-1.9502437766026064,686.9052438284363,0.07876798238322187,0.07896,0.07592,0.24776724354699398,0.7683757756879377
676,long,2022-05-24,10:00:00,0.08087,2022-05-24,14:11:00,0.07941,974.7859426419624,closed,-18.61936374991062,-1.9100976876468445,668.2858800785257,0.07962065510085997,0.07941,0.08247,0.24107479724050018,0.7798287541135699
677,short,2022-05-24,22:00:00,0.08133,2022-05-25,02:19:00,0.08323,886.1647800367635,closed,-21.629088932975495,-2.4407524898561404,646.6567911455502,0.08312668081666097,0.08323,0.08006,0.21791830321818853,0.7089318240294109
678,long,2022-05-25,04:00:00,0.08281,2022-05-26,05:25:00,0.0834,883.8228107815238,closed,5.376494488308423,0.608322666344653,652.0332856338586,0.08340056648563916,0.08,0.08643,0.21345799076959882,0.707058248625219
679,long,2022-05-26,15:00:00,0.0833,2022-05-26,19:50:00,0.08257,755.6740382726468,closed,-7.408327090215729,-0.9803601440576166,644.6249585436428,0.08271623007127156,0.08257,0.08631,0.18143434292260432,0.6045392306181175
680,short,2022-05-26,21:00:00,0.08159,2022-05-27,10:06:00,0.08203,727.8417569416034,closed,-4.6858058015962385,-0.6437945826694569,639.9391527420466,0.0820030759101113,0.08314,0.07839,0.17841445200186384,0.5822734055532828
681,short,2022-05-27,17:00:00,0.08004,2022-05-28,10:45:00,0.08209,748.5290462101505,closed,-19.95733305274784,-2.6662068965517194,619.9818196892988,0.0819914256644286,0.08209,0.07857,0.18703874218144692,0.5988232369681203
682,short,2022-05-28,22:00:00,0.08106,2022-05-29,12:08:00,0.08194,1230.7885324535898,closed,-14.649936515677135,-1.190288675055522,605.3318831736217,0.08190160686335894,0.08194,0.07986,0.3036734597714261,0.9846308259628719
683,short,2022-05-29,19:00:00,0.08037,2022-05-29,21:07:00,0.07997,1501.1331924512212,closed,5.896649911529385,0.3928132387706826,611.2285330851511,0.07996045991972311,0.08038,0.07834,0.3735556034468636,1.2009065539609771
684,long,2022-05-30,02:00:00,0.08191,2022-05-30,09:11:00,0.08217,1318.8767481111136,closed,2.8092670491570715,0.2130045171529853,614.0378001343081,0.08218195572798184,0.08191,0.08408,0.32203070397048317,1.0551013984888908
685,short,2022-05-30,11:00:00,0.08213,2022-05-30,20:25:00,0.08347,1316.204677999574,closed,-22.84814652675898,-1.7359113600389724,591.1896536075491,0.08325577060042355,0.08347,0.08134,0.3205173938876352,1.0529637423996592
686,long,2022-05-30,21:00:00,0.08347,2022-05-31,00:21:00,0.08237,1280.0521727344474,closed,-18.19977473761952,-1.4217994489038024,572.9898788699295,0.08240247698813682,0.08237,0.08433,0.3067095178469983,1.024041738187558
687,short,2022-05-31,01:00:00,0.08236,2022-05-31,20:14:00,0.0814,1162.9494171891606,closed,12.34273969108857,1.0613307430791676,585.3326185610181,0.08135895524629905,0.08273,0.07933,0.2824063664859545,0.9303595337513285
688,short,2022-06-01,18:00:00,0.08624,2022-06-02,12:13:00,0.08477,691.142817707539,closed,11.067645644673613,1.6013543599257873,596.4002642056917,0.08471185629738126,0.08695,0.08106,0.16028358481158145,0.5529142541660312
689,short,2022-06-03,08:00:00,0.08448,2022-06-04,04:06:00,0.07873,1170.5110410195336,closed,78.45549771360878,6.70267045454546,674.8557619193004,0.0784822178157419,0.08482,0.07633,0.2771096214534881,0.9364088328156269
690,long,2022-06-04,08:00:00,0.07949,2022-06-06,15:04:00,0.08236,1145.2298225881027,closed,40.14438972824339,3.5053566486350447,715.0001516475438,0.0824379249222774,0.07852,0.08478,0.28814437604430815,0.9161838580704822
691,long,2022-06-07,08:00:00,0.08094,2022-06-07,22:50:00,0.08121,1679.8667452006273,closed,3.844723929020712,0.22887076847047977,718.8448755765645,0.0812974790786325,0.07977,0.08302,0.41508938601448664,1.343893396160502
692,short,2022-06-08,04:00:00,0.0798,2022-06-09,08:02:00,0.08163,1410.5609602403702,closed,-33.82942341035624,-2.3982957393483693,685.0154521662082,0.081593369088183,0.08163,0.07956,0.3535240501855565,1.1284487681922961
693,short,2022-06-09,12:00:00,0.08056,2022-06-10,04:54:00,0.08145,2229.55697214834,closed,-26.968561722889508,-1.2095928500496376,658.0468904433187,0.0814475742247424,0.08152,0.08021,0.5535146405532125,1.783645577718672
694,long,2022-06-10,05:00:00,0.08143,2022-06-10,12:33:00,0.08034,2364.643670500851,closed,-34.12497631741459,-1.4431339801056218,623.9219141259041,0.08042695913305513,0.08034,0.08156,0.580779484342589,1.891714936400681
695,long,2022-06-11,02:00:00,0.07953,2022-06-11,10:31:00,0.07902,1928.6040909023154,closed,-14.395393874736444,-0.7464151892367616,609.5265202511677,0.07903356412483763,0.07902,0.08032,0.4850004000760255,1.5428832727218524
696,short,2022-06-11,12:00:00,0.07781,2022-06-11,16:40:00,0.07606,1745.4697856668195,closed,37.411781596008375,2.1433646060917635,646.938301847176,0.07605858148133526,0.07812,0.0747,0.4486492187808301,1.3963758285334555
697,long,2022-06-11,23:00:00,0.07651,2022-06-12,02:55:00,0.07475,1352.009872519299,closed,-32.53602657641498,-2.4064932688537417,614.402275270761,0.07477949378549671,0.07475,0.07661,0.35342043458875944,1.0816078980154393
698,short,2022-06-12,03:00:00,0.07482,2022-06-12,08:32:00,0.07601,1239.6917078818788,closed,-21.04022926228344,-1.6972146484897044,593.3620460084776,0.07600407299022356,0.07601,0.07415,0.33137976687566933,0.991753366305503
699,short,2022-06-12,23:00:00,0.07591,2022-06-13,07:36:00,0.06237,1069.0226598534327,closed,189.54375909802178,17.730565142932424,782.9058051064994,0.06204669589167917,0.07708,0.05994,0.2816552917542966,0.8552181278827462
700,long,2022-06-13,16:00:00,0.06422,2022-06-14,00:59:00,0.0623,513.1121561449181,closed,-15.910919231629425,-3.1008657739022087,766.99488587487,0.062310660722824575,0.0623,0.06721,0.15979824233725262,0.4104897249159345
701,short,2022-06-14,02:00:00,0.05603,2022-06-14,03:18:00,0.06082,436.40110324840583,closed,-37.812788678865545,-8.664686774941986,729.1820971960044,0.06047376430028262,0.06082,0.05555,0.15577408647096405,0.3491208825987247
702,long,2022-06-14,05:00:00,0.06034,2022-06-14,11:46:00,0.05829,418.99621238219294,closed,-14.709114100020733,-3.5105601590984357,714.4729830959836,0.058329493379110454,0.05829,0.06358,0.13887842637792278,0.33519696990575437
703,short,2022-06-14,19:00:00,0.05626,2022-06-14,21:33:00,0.05626,467.0837384411216,closed,-0.5397116898076864,-0.11554923569143263,713.933271406176,0.05587289546828732,0.05641,0.05157,0.16604469905478908,0.37366699075289733
704,long,2022-06-15,02:00:00,0.05596,2022-06-15,05:14:00,0.05146,424.6004822277966,closed,-34.63550203820615,-8.157197998570414,679.2977693679699,0.05160537676708812,0.05146,0.05631,0.15175142324081364,0.3396803857822373
705,short,2022-06-15,05:00:00,0.05224,2022-06-15,08:35:00,0.05229,411.91811073417944,closed,-0.8814921407962476,-0.21399693721286644,678.4162772271736,0.05046709812052019,0.05252,0.04594,0.15770218634539795,0.3295344885873436
706,long,2022-06-15,11:00:00,0.05137,2022-06-15,15:29:00,0.05493,313.98104911797486,closed,21.38581951884522,6.811181623515672,699.8020967460188,0.0549502631195322,0.05056,0.0605,0.12224296247536495,0.2511848392943799
707,long,2022-06-17,02:00:00,0.06247,2022-06-17,13:16:00,0.05889,572.5285772934878,closed,-33.451505785743166,-5.842766127741316,666.3505909602757,0.05890214367653181,0.05889,0.06272,0.18329712735504655,0.4580228618347903
708,long,2022-06-18,01:00:00,0.06054,2022-06-18,06:54:00,0.05876,956.6193222079922,closed,-29.207891757310218,-3.053240832507428,637.1426992029654,0.058891488085165186,0.05876,0.061,0.31602884777270973,0.7652954577663938
709,short,2022-06-16,07:00:00,0.06181,2022-06-18,08:29:00,0.06214,425.0924223912485,closed,-2.747165797433119,-0.6462514156285454,634.3955334055323,0.0619776897965568,0.06313,0.05689,0.13754810625829106,0.3400739379129988
710,short,2022-06-18,07:00:00,0.05902,2022-06-18,08:29:00,0.06214,882.3311129203968,closed,-47.647913256484124,-5.400230430362585,586.7476201490482,0.05902095523643581,0.06214,0.05689,0.29899393863788437,0.7058648903363175
711,long,2022-06-18,11:00:00,0.06023,2022-06-18,19:41:00,0.05916,558.1620447149484,closed,-10.54775209533189,-1.8897293707454785,576.1998680537163,0.059164269770204,0.05916,0.06233,0.18534353136807186,0.4465296357719587
712,short,2022-06-18,20:00:00,0.05903,2022-06-18,21:26:00,0.06136,587.6862055082074,closed,-23.86609311050663,-4.061026596645771,552.3337749432096,0.06134381287942583,0.06136,0.05845,0.1991144182646815,0.47014896440656595
713,short,2022-06-19,02:00:00,0.05978,2022-06-19,10:24:00,0.06274,34.14098803651939,closed,-1.729222197401914,-5.064944797591174,550.6045527458077,0.062373305052360266,0.06274,0.05959,0.011422210785051653,0.027312790429215514
714,long,2022-06-18,22:00:00,0.06085,2022-06-19,16:14:00,0.05926,545.5055773359061,closed,-14.869666245119495,-2.7258504519309796,535.7348865006883,0.0597394164458012,0.05926,0.06282,0.17929517743168646,0.4364044618687249
715,short,2022-06-19,17:00:00,0.05909,2022-06-19,18:56:00,0.06074,636.403889838166,closed,-18.495152829754115,-2.906197326112719,517.2397336709341,0.0607271449521919,0.06074,0.05824,0.2154015535075871,0.5091231118705328
716,long,2022-06-19,21:00:00,0.06191,2022-06-22,15:46:00,0.06354,523.0918240060188,closed,13.184786703122594,2.520549184299789,530.4245203740567,0.0635791309095285,0.05937,0.06664,0.16898459828978155,0.41847345920481505
717,long,2022-06-23,01:00:00,0.06399,2022-06-23,14:09:00,0.06294,1079.0747264948507,closed,-18.90685967726558,-1.7521362712924038,511.5176606967911,0.06295726994593837,0.06294,0.06453,0.3372635494592438,0.8632597811958805
718,long,2022-06-23,22:00:00,0.06277,2022-06-25,05:41:00,0.06515,1191.720222308602,closed,43.852418384018534,3.6797578461048164,555.3700790808097,0.06525287325997801,0.06268,0.0666,0.3797101234056402,0.9533761778468816
719,long,2022-06-25,22:00:00,0.06489,2022-06-26,15:06:00,0.0643,1612.0534040637272,closed,-16.443789378804766,-1.020052396363087,538.9262897020049,0.06442223416356097,0.0643,0.06554,0.4968572673952002,1.2896427232509817
720,long,2022-06-26,20:00:00,0.06534,2022-06-27,11:28:00,0.06912,1653.7652878046988,closed,93.84315676494566,5.6745148454239445,632.7694464669505,0.06914535545736743,0.06477,0.07021,0.5062030265701558,1.323012230243759
721,short,2022-06-27,14:00:00,0.06798,2022-06-28,08:02:00,0.0669,1210.5594669629202,closed,17.907590010729347,1.4792821418064102,650.6770364776798,0.0668866854146679,0.06845,0.06511,0.35615165253395714,0.9684475735703362
722,long,2022-06-28,09:00:00,0.06732,2022-06-28,15:17:00,0.06662,1419.3825110902183,closed,-16.316067624810465,-1.1495187165775491,634.3609688528694,0.06663694949200015,0.06662,0.06818,0.4216822671093934,1.1355060088721747
723,short,2022-06-28,17:00:00,0.06617,2022-06-28,19:20:00,0.06724,1353.2349213289426,closed,-23.37405029536043,-1.7272721777240256,610.986918557509,0.06712093785444778,0.06724,0.06557,0.4090176579504134,1.0825879370631541
724,long,2022-06-28,20:00:00,0.06761,2022-06-28,22:59:00,0.06593,1230.2858859684925,closed,-31.91879469230442,-2.5944209436473904,579.0681238652045,0.065931169655167,0.06593,0.06761,0.363936070394466,0.9842287087747941
725,short,2022-06-28,23:00:00,0.06594,2022-06-30,05:33:00,0.06586,1132.478265829549,closed,0.12447986761796903,0.010991810737028722,579.1926037328225,0.0656058492228856,0.06648,0.06392,0.34348749342722146,0.9059826126636392
726,short,2022-06-30,08:00:00,0.0637,2022-06-30,16:27:00,0.0636,1149.7246068867582,closed,0.5241444675666364,0.04558869701727292,579.7167482003891,0.06359449592175315,0.06377,0.06199,0.3609810382689979,0.9197796855094066
727,long,2022-06-30,17:00:00,0.06345,2022-07-01,04:01:00,0.06473,1118.4746014327454,closed,21.316063467872674,1.9058156028368627,601.0328116682618,0.06479566102143954,0.06264,0.06644,0.35255306585744534,0.8947796811461964
728,short,2022-07-01,11:00:00,0.06452,2022-07-03,17:28:00,0.06409,1145.5062195512696,closed,6.362850294291104,0.5554618722876625,607.3956619625529,0.06405264192315023,0.0655,0.06236,0.35508562292351825,0.9164049756410158
729,short,2022-07-04,07:00:00,0.06565,2022-07-04,11:55:00,0.06671,1602.3812009461703,closed,-27.64247917281897,-1.7250875856816532,579.753182789734,0.0666842583944537,0.06671,0.06544,0.4881587817048501,1.2819049607569364
730,long,2022-07-04,12:00:00,0.0672,2022-07-05,08:43:00,0.06752,1466.491340177146,closed,5.373643267934846,0.3664285714285727,585.1268260576688,0.06757167937456883,0.0664,0.0689,0.436455756005103,1.1731930721417168
731,short,2022-07-05,09:00:00,0.06746,2022-07-05,19:32:00,0.06788,1509.053233263102,closed,-11.049866699206826,-0.7322383634746364,574.076959358462,0.06787786160540198,0.06788,0.06657,0.447392005118026,1.2072425866104817
732,long,2022-07-05,20:00:00,0.06808,2022-07-06,01:47:00,0.0675,1597.361512730164,closed,-15.355693376431102,-0.961316098707399,558.7212659820309,0.06768663387149211,0.0675,0.06891,0.46926013887490126,1.2778892101841313
733,short,2022-07-06,03:00:00,0.06728,2022-07-06,09:28:00,0.06847,1507.6309121076138,closed,-28.320156508078,-1.8784542211652746,530.4011094739529,0.06845668333852085,0.06847,0.06721,0.44816614509738817,1.2061047296860912
734,long,2022-07-06,10:00:00,0.06824,2022-07-06,12:17:00,0.06731,1528.951525518716,closed,-22.508389081534265,-1.4721453692848772,507.89272039241865,0.0673163597371662,0.06731,0.0685,0.4481100602340903,1.2231612204149729
735,long,2022-07-06,23:00:00,0.0676,2022-07-07,05:41:00,0.06674,1580.1145628923564,closed,-21.833630338853432,-1.381775147928994,486.0590900535652,0.06675357409440993,0.06674,0.06784,0.46748951564862623,1.2640916503138853
736,long,2022-07-07,11:00:00,0.06731,2022-07-08,06:37:00,0.06864,1501.038466602512,closed,28.012664862571626,1.8662189867776136,514.0717549161368,0.06865019990228641,0.06699,0.06974,0.4460075669595936,1.2008307732820096
737,short,2022-07-08,07:00:00,0.06891,2022-07-08,15:40:00,0.06866,1638.6856969152143,closed,4.158471124524129,0.25376868379045164,518.2302260406609,0.06864088710049636,0.06894,0.06756,0.47560171148315616,1.3109485575321715
738,long,2022-07-08,19:00:00,0.06886,2022-07-09,17:45:00,0.07023,1544.1817936518119,closed,29.038331902138385,1.8804995643334248,547.2685579427992,0.07025452292107498,0.06884,0.07141,0.4484989235119988,1.2353454349214494
739,long,2022-07-11,00:00:00,0.06755,2022-07-11,01:34:00,0.06673,2052.7424650815137,closed,-27.16852514406335,-1.323523316062178,520.1000327987359,0.06676954629677405,0.06673,0.06767,0.6077697898094786,1.642193972065211
740,short,2022-07-11,02:00:00,0.06668,2022-07-12,04:17:00,0.06537,1732.2752608763594,closed,32.127003524509966,1.854613077384531,552.2270363232459,0.06533100344818972,0.06685,0.06433,0.5195786625304017,1.3858202087010876
741,short,2022-07-13,00:00:00,0.06453,2022-07-13,06:58:00,0.06531,1851.7548131201136,closed,-24.43822781603299,-1.3197334573066835,527.7888085072129,0.06530220110787495,0.06531,0.06434,0.5739205991384205,1.481403850496091
742,short,2022-07-13,13:00:00,0.06382,2022-07-13,14:44:00,0.06478,1522.965748638717,closed,-24.604559274967798,-1.6155687872140434,503.1842492322451,0.06473585158559994,0.06478,0.06363,0.47726911583789317,1.2183725989109737
743,long,2022-07-13,18:00:00,0.06555,2022-07-14,08:53:00,0.0652,1317.6859556001991,closed,-8.49188794940888,-0.6444546147978689,494.69236128283626,0.06522842228540905,0.0652,0.06648,0.40203995594208974,1.0541487644801593
744,long,2022-07-14,17:00:00,0.06612,2022-07-15,16:22:00,0.06661,1662.3605831310017,closed,10.486649253875992,0.6308287961282583,505.17901053671227,0.06663618640203756,0.06608,0.06762,0.5028313923566249,1.3298884665048014
745,long,2022-07-15,21:00:00,0.06749,2022-07-16,00:35:00,0.06668,1860.896198836709,closed,-24.37423844424424,-1.3098118239739092,480.80477209246806,0.06669392172969035,0.06668,0.06761,0.5514583490403643,1.4887169590693672
746,long,2022-07-16,13:00:00,0.06694,2022-07-17,01:19:00,0.06845,1971.3217777349134,closed,42.302079847382075,2.14587391694054,523.1068519398501,0.06849366773483193,0.06684,0.06931,0.588981708316377,1.5770574221879308
747,short,2022-07-17,03:00:00,0.06844,2022-07-17,07:12:00,0.06933,1949.0057689118285,closed,-27.47380499078358,-1.4096317942723584,495.6330469490665,0.06932845374492534,0.06933,0.06841,0.5695516566077816,1.5592046151294627
748,long,2022-07-18,03:00:00,0.06862,2022-07-18,11:42:00,0.06955,1572.6492870097693,closed,19.597474437761615,1.2461439813465465,515.2305213868282,0.06962869280828937,0.0684,0.07071,0.4583647003817457,1.2581194296078155
749,short,2022-07-18,17:00:00,0.06925,2022-07-18,23:13:00,0.0686,1495.1599284096562,closed,12.406049023309834,0.8297472924187895,527.636570410138,0.06856317381800049,0.06927,0.06737,0.4318151417789621,1.196127942727725
750,long,2022-07-19,09:00:00,0.06848,2022-07-20,00:56:00,0.06828,1343.4330217445224,closed,-5.390681942860025,-0.4012616822429991,522.245888467278,0.06835521571388925,0.06797,0.0697,0.3923577750422087,1.074746417395618
751,short,2022-07-20,01:00:00,0.06837,2022-07-20,05:35:00,0.06967,1346.6453350193292,closed,-27.076611898050693,-2.010671347082047,495.16927656922724,0.06962573701723755,0.06967,0.0683,0.3939287216672018,1.0773162680154633
752,short,2022-07-20,09:00:00,0.06877,2022-07-21,16:16:00,0.06762,1310.4537158844407,closed,20.484466734278282,1.5631583539333989,515.6537433035055,0.06761927485178991,0.06971,0.06632,0.38111203021213924,1.0483629727075525
753,short,2022-07-22,14:00:00,0.06814,2022-07-23,01:39:00,0.06736,2080.250317106206,closed,21.537887227981056,1.0353507484590594,537.1916305314866,0.06735452928043724,0.06821,0.06651,0.6105812495175245,1.6642002536849647
754,long,2022-07-23,03:00:00,0.06752,2022-07-23,08:52:00,0.06696,2102.655355793442,closed,-19.74403344281274,-0.9390047393364795,517.4475970886738,0.0669674911063397,0.06696,0.06783,0.622824453730285,1.6821242846347537
755,short,2022-07-23,09:00:00,0.0668,2022-07-23,22:35:00,0.06682,2016.0883741938894,closed,-2.820109246776787,-0.13988023952096726,514.6274878418969,0.06676724167471934,0.06706,0.06591,0.6036192737107454,1.6128706993551116
756,short,2022-07-24,14:00:00,0.06697,2022-07-25,20:11:00,0.06476,2148.9621264696666,closed,68.55449099717544,3.1901209496789664,583.1819788390724,0.06475188948972756,0.06773,0.06395,0.641768590852521,1.7191697011757334
757,long,2022-07-25,21:00:00,0.06487,2022-07-25,23:50:00,0.06378,2047.1958607999427,closed,-36.66762265885613,-1.7911145367658297,546.5143561802163,0.06394602844232725,0.06378,0.06487,0.631168756220115,1.6377566886399542
758,short,2022-07-26,00:00:00,0.06359,2022-07-26,09:31:00,0.0639,1803.4270556072904,closed,-10.801617699689707,-0.5989495203648447,535.7127384805266,0.06389352241698507,0.0639,0.06293,0.5672046094062874,1.4427416444858323
759,short,2022-07-27,17:00:00,0.0661,2022-07-27,18:03:00,0.06712,1770.7546316612581,closed,-29.27719095083122,-1.6533736762480984,506.4355475296954,0.06682987348276316,0.06712,0.06583,0.5357805239519692,1.4166037053290066
760,long,2022-07-27,19:00:00,0.06771,2022-07-28,13:48:00,0.06761,1458.050039990577,closed,-3.7504897262602714,-0.25722640673460767,502.6850578034351,0.0677740886806787,0.06761,0.06895,0.4306749490446247,1.1664400319924617
761,long,2022-07-28,18:00:00,0.06999,2022-07-29,11:44:00,0.07034,1312.8611798648085,closed,5.139798059328482,0.3914959279897172,507.82485586276357,0.07042006674067074,0.06924,0.07176,0.37515678807395586,1.0502889438918468
762,long,2022-07-30,01:00:00,0.06962,2022-07-30,22:01:00,0.06957,1170.4104571352702,closed,-2.113127159150653,-0.18054582016661086,505.7117287036129,0.06970964240495164,0.06892,0.07122,0.3362282266978656,0.9363283657082162
763,long,2022-07-31,11:00:00,0.06968,2022-07-31,18:32:00,0.06972,1688.5678115529847,closed,-0.8661906982800323,-0.0512973593570632,504.84553800533286,0.0697365715686698,0.06949,0.07078,0.4846635509623951,1.3508542492423878
764,short,2022-07-31,22:00:00,0.06974,2022-08-01,04:31:00,0.06968,1645.2898207196506,closed,-0.3725611822314334,-0.02264410668197503,504.4729768231014,0.06962996127299602,0.06974,0.06856,0.47183533717225434,1.3162318565757205
765,long,2022-08-01,06:00:00,0.06969,2022-08-01,11:09:00,0.06866,1786.922196723966,closed,-28.35260141873905,-1.5866724063710764,476.1203754043624,0.06871627721063468,0.06866,0.0697,0.512820260216377,1.4295377573791728
766,long,2022-08-01,21:00:00,0.07129,2022-08-01,22:40:00,0.07001,1252.950419302266,closed,-23.85038313096643,-1.9035376630663534,452.269992273396,0.07011549223019221,0.07001,0.07147,0.3515080430080701,1.002360335441813
767,short,2022-08-02,03:00:00,0.06886,2022-08-02,16:22:00,0.06921,1098.79679548222,closed,-6.78311548355989,-0.6173221028172948,445.4868767898361,0.06914715519175128,0.06924,0.06773,0.3191393539013128,0.879037436385776
768,short,2022-08-03,00:00:00,0.06823,2022-08-03,05:52:00,0.06837,1307.4944975570652,closed,-4.112082650795646,-0.314500952660122,441.3747941390405,0.06836235936977791,0.06837,0.0672,0.38326088159374627,1.0459955980456521
769,long,2022-08-03,06:00:00,0.06831,2022-08-03,22:43:00,0.06799,1362.3915266076003,closed,-7.870957271155576,-0.5777309325135425,433.5038368678849,0.06808347843117048,0.06799,0.06919,0.3988849441099694,1.0899132212860803
770,long,2022-08-04,06:00:00,0.06847,2022-08-04,08:10:00,0.06772,1721.9842850490184,closed,-20.742680161904346,-1.204580108076531,412.76115670598057,0.06772814522095075,0.06772,0.06859,0.5029894216588341,1.3775874280392149
771,long,2022-08-04,14:00:00,0.06821,2022-08-04,16:49:00,0.06805,1609.0892131022267,closed,-5.53351178036908,-0.3438909250843093,407.2276449256115,0.06805514364431557,0.06781,0.06893,0.47180448998745833,1.2872713704817815
772,short,2022-08-05,14:00:00,0.0694,2022-08-05,23:55:00,0.06984,1460.6915700291652,closed,-10.85037057898313,-0.7428242074927894,396.3772743466284,0.06979740472587492,0.06996,0.06883,0.42094857925912543,1.1685532560233323
773,long,2022-08-06,00:00:00,0.06983,2022-08-06,17:01:00,0.06967,1581.0111390570219,closed,-5.340163415474109,-0.3377688672490439,391.0371109311543,0.06970464168076217,0.06951,0.07058,0.4528171671364806,1.2648089112456176
774,long,2022-08-07,08:00:00,0.06968,2022-08-07,23:20:00,0.06956,1887.181937937564,closed,-5.301442899823012,-0.280918484500587,385.7356680313313,0.06956809117547351,0.06942,0.07029,0.541671049924674,1.5097455503500512
775,long,2022-08-08,07:00:00,0.07022,2022-08-08,15:19:00,0.0703,1928.6783401566572,closed,0.10503084552481856,0.005445741953854649,385.8406988768561,0.07037058034495794,0.07017,0.07102,0.5493245058834114,1.5429426721253259
776,short,2022-08-08,16:00:00,0.07016,2022-08-09,07:07:00,0.07051,1867.359145173901,closed,-11.341704928943413,-0.6073660205245198,374.4989939479127,0.07046483602051493,0.07055,0.06974,0.5323144655569844,1.4938873161391208
777,short,2022-08-09,10:00:00,0.0693,2022-08-10,09:20:00,0.06873,1463.4082251758803,closed,10.443624413318686,0.7136507936507952,384.9426183612314,0.0687267238762947,0.06959,0.06784,0.4223400361257952,1.1707265801407043
778,short,2022-08-11,08:00:00,0.07075,2022-08-12,01:24:00,0.07048,1839.5968994366062,closed,5.028664881286584,0.27335689045935335,389.971283242518,0.07047023527266756,0.07108,0.06973,0.5200273920668853,1.471677519549285
779,long,2022-08-12,19:00:00,0.06999,2022-08-13,07:41:00,0.07039,1685.1987890355251,closed,7.801370041974829,0.46293470495784766,397.77265328449283,0.07039018188561111,0.0698,0.0712,0.48155416174754256,1.3481590312284202
780,short,2022-08-13,08:00:00,0.06996,2022-08-14,04:19:00,0.07028,1712.21059845915,closed,-9.690974932113695,-0.5659919954259588,388.08167835237913,0.07023263878546325,0.07028,0.06942,0.4894827325497857,1.36976847876732
781,short,2022-08-14,17:00:00,0.07032,2022-08-16,09:23:00,0.06934,1177.5142071812832,closed,15.133267913180253,1.2851877133105727,403.2149462655594,0.06933879296637387,0.07112,0.06818,0.33490165164427854,0.9420113657450265
782,short,2022-08-17,11:00:00,0.06996,2022-08-18,06:19:00,0.06848,1520.4994609845623,closed,30.51500713557847,2.006906803887929,433.72995340113783,0.068407620113146,0.07003,0.06748,0.4346768041694004,1.2163995687876499
783,long,2022-08-18,07:00:00,0.06808,2022-08-18,23:20:00,0.06731,1553.136520770156,closed,-19.265098103344,-1.2403995299647572,414.46485529779386,0.06762939666176586,0.06731,0.06858,0.4562680730817145,1.242509216616125
784,short,2022-08-19,00:00:00,0.06733,2022-08-19,06:45:00,0.0652,1672.2445428221884,closed,51.067313312048924,3.0538185058666367,465.53216860984276,0.06516438510315317,0.06733,0.06433,0.4967308904863177,1.3377956342577508
785,long,2022-08-19,15:00:00,0.06504,2022-08-19,18:00:00,0.06441,1419.0121757407967,closed,-15.316604485849798,-1.0793849938499471,450.215564123993,0.06450312359245342,0.06441,0.06557,0.4363506075463705,1.1352097405926374
786,short,2022-08-20,20:00:00,0.06522,2022-08-20,23:19:00,0.06568,1669.106646409271,closed,-13.619418869357615,-0.8159705611775561,436.59614525463536,0.06566960404313694,0.06568,0.06479,0.5118388980095895,1.3352853171274168
787,short,2022-08-21,04:00:00,0.06524,2022-08-21,08:12:00,0.06549,1588.0931440560043,closed,-7.84290169021601,-0.4938565297363584,428.75324356441934,0.06544678406531197,0.06549,0.06455,0.48684645740527416,1.2704745152448036
788,long,2022-08-21,11:00:00,0.06545,2022-08-21,22:18:00,0.06545,1624.055777700631,closed,-1.7955183510224244,-0.11055767761650116,426.9577252133969,0.06545605492568052,0.06522,0.06632,0.4962737288619194,1.299244622160505
789,short,2022-08-22,01:00:00,0.06566,2022-08-22,16:03:00,0.06552,1704.7487793703842,closed,1.7517942376131688,0.10275967103259402,428.70951945101007,0.06551223388503805,0.06623,0.06469,0.5192655435182408,1.3637990234963075
790,long,2022-08-23,00:00:00,0.0656,2022-08-23,02:29:00,0.06575,1502.5186497708803,closed,1.7755372824730888,0.118170731707313,430.48505673348313,0.06582412660900167,0.0656,0.06676,0.45808495419843914,1.2020149198167043
791,short,2022-08-23,07:00:00,0.06527,2022-08-23,14:22:00,0.06631,1292.9267723633543,closed,-22.031773296321127,-1.7040232878811086,408.453283437162,0.06630659516739816,0.06631,0.06522,0.39617795997038596,1.0343414178906836
792,short,2022-08-23,22:00:00,0.06599,2022-08-24,16:06:00,0.06576,1496.7191299368033,closed,3.5656345049112916,0.23823003485375677,412.0189179420733,0.06575043053619407,0.0664,0.06485,0.4536199817962732,1.1973753039494426
793,short,2022-08-24,19:00:00,0.0652,2022-08-25,06:02:00,0.06551,1709.981395320875,closed,-10.022798926929966,-0.5861349693251607,401.99611901514334,0.065455494904311,0.06554,0.06467,0.5245341703438268,1.3679851162567
794,short,2022-08-25,14:00:00,0.06521,2022-08-26,09:07:00,0.06553,1991.7008919062657,closed,-11.97793828212081,-0.601392424474775,390.0181807330225,0.06548808493201727,0.06553,0.06483,0.6108575040350455,1.5933607135250127
795,long,2022-08-26,10:00:00,0.06535,2022-08-26,11:10:00,0.06476,1950.090903665116,closed,-19.762910538322068,-1.0134353481254892,370.2552701947005,0.06477107965950707,0.06476,0.06542,0.5968143546029429,1.560072722932093
796,short,2022-08-26,12:00:00,0.06457,2022-08-26,12:35:00,0.06524,1621.0914223541542,closed,-18.61998110480872,-1.1486077125600185,351.6352890898917,0.06520738539562912,0.06524,0.06447,0.5021190715050812,1.2968731378833234
797,long,2022-08-27,05:00:00,0.0616,2022-08-28,21:48:00,0.06216,1136.1810366865088,closed,9.051083739006515,0.7966233766233735,360.68637282889824,0.06217677454082902,0.06104,0.06313,0.3688899469761393,0.9089448293492071
798,long,2022-08-29,07:00:00,0.06176,2022-08-30,06:21:00,0.06293,1550.7538656988759,closed,27.635157036224953,1.782046632124348,388.3215298651232,0.06300176898737332,0.06151,0.06372,0.5021871326745064,1.2406030925591007
799,long,2022-08-30,14:00:00,0.06624,2022-08-30,14:46:00,0.06556,1092.0145096336164,closed,-12.413620012651513,-1.136763285024155,375.9079098524717,0.06565224925074961,0.06554,0.06683,0.3297145258555606,0.8736116077068932
800,short,2022-08-30,22:00:00,0.06437,2022-09-02,12:37:00,0.06338,897.435703524885,closed,12.80562814091056,1.4269131583035433,388.71353799338226,0.06336812956862332,0.06549,0.06202,0.2788366330666103,0.717948562819908
801,long,2022-09-02,13:00:00,0.06335,2022-09-02,17:12:00,0.0628,1697.7639821164744,closed,-16.634067062668795,-0.979763220205223,372.07947093071346,0.06281478133323389,0.0628,0.06354,0.5359949430517678,1.3582111856931796
802,short,2022-09-02,18:00:00,0.06244,2022-09-03,18:09:00,0.06305,1486.6866592278784,closed,-16.189551046049058,-1.0889686098654587,355.8899198846644,0.06301135638134334,0.06305,0.06223,0.47619687995768045,1.1893493273823028
803,short,2022-09-04,03:00:00,0.06266,2022-09-04,10:52:00,0.06309,1779.4495994233262,closed,-14.202881730935031,-0.798161506543249,341.68703815372936,0.06306767347702205,0.06309,0.06252,0.56796986895095,1.423559679538661
804,long,2022-09-04,11:00:00,0.06308,2022-09-04,14:05:00,0.06271,1708.4351907686505,closed,-11.92936268019523,-0.6982625237793206,329.7576754735341,0.06274527307982437,0.06271,0.06328,0.5416725398759197,1.3667481526149206
805,short,2022-09-05,01:00:00,0.06313,2022-09-05,23:41:00,0.063,1648.7883773676742,closed,1.5538779233308335,0.09424362426739281,331.31155339686495,0.062987219355623,0.06337,0.06239,0.5223470227681528,1.3190307018941394
806,short,2022-09-06,16:00:00,0.06312,2022-09-07,14:32:00,0.06078,1373.638012241499,closed,49.3896857308955,3.595538656527242,380.70123912776046,0.0607712043734974,0.06314,0.06001,0.4352465184542139,1.0989104097931992
807,short,2022-09-08,03:00:00,0.06074,2022-09-08,19:47:00,0.061,1260.9817068692228,closed,-6.821674366538805,-0.5409812314784266,373.8795647612217,0.06095689646006175,0.06116,0.06004,0.41520635721739313,1.0087853654953782
808,short,2022-09-09,15:00:00,0.06295,2022-09-09,23:16:00,0.06356,1540.1111931432747,closed,-16.645433699236815,-1.0807942811755353,357.23413106198484,0.06355409153788708,0.06356,0.06279,0.48931253157848287,1.2320889545146199
809,long,2022-09-10,17:00:00,0.0643,2022-09-11,06:32:00,0.06398,1353.0651262022427,closed,-8.237073297054541,-0.6087713841368598,348.9970577649303,0.06411118074575768,0.06396,0.06496,0.42086007035839595,1.0824521009617942
810,short,2022-09-11,07:00:00,0.06413,2022-09-12,00:08:00,0.06444,1273.8857693841946,closed,-7.574266948530472,-0.5945797598627643,341.4227908163998,0.0643084610776084,0.06444,0.06343,0.39728232321353335,1.0191086155073559
811,long,2022-09-12,02:00:00,0.0645,2022-09-12,03:38:00,0.06367,1209.681390433157,closed,-16.909282815729163,-1.3978294573643368,324.51350800067064,0.06367976982774892,0.06367,0.06459,0.3750950047854751,0.9677451123465257
812,short,2022-09-12,04:00:00,0.0638,2022-09-14,12:35:00,0.06149,1037.3739341299702,closed,36.40499598055847,3.509341692789957,360.9185039812291,0.061467902546481795,0.06447,0.06047,0.32519559063635434,0.8298991473039762
813,short,2022-09-15,03:00:00,0.06078,2022-09-15,06:47:00,0.06144,1570.341598910301,closed,-18.825083533471872,-1.1987890753537362,342.09342044775724,0.061188466712185474,0.06144,0.06049,0.5167297133630474,1.2562732791282407
814,long,2022-09-15,07:00:00,0.06132,2022-09-15,14:35:00,0.06104,1330.6210433708168,closed,-7.57438452242086,-0.5692367906066577,334.51903592533637,0.06114175271327756,0.06104,0.06193,0.43399251251494353,1.0644968346966535
815,short,2022-09-15,15:00:00,0.06093,2022-09-16,04:21:00,0.06156,1254.3481178819893,closed,-14.384838688352717,-1.1467979648777265,320.13419723698365,0.06155246364419739,0.06156,0.06074,0.4117341598168356,1.0034784943055914
816,short,2022-09-16,08:00:00,0.06129,2022-09-16,21:32:00,0.06124,1516.9994935732975,closed,-0.4710643557137437,-0.031052373959871933,319.6631328812699,0.061226705059289024,0.06152,0.06058,0.49502349276335383,1.213599594858638
817,short,2022-09-17,11:00:00,0.06144,2022-09-17,14:59:00,0.06187,1598.3156644063547,closed,-12.98506608918881,-0.8124218749999997,306.6780667920811,0.06186221350349747,0.06187,0.06133,0.520285047007277,1.2786525315250838
818,short,2022-09-18,01:00:00,0.06187,2022-09-18,07:25:00,0.06235,1533.3903339604103,closed,-13.618746645384057,-0.8881461128171995,293.059320146697,0.06234182321420916,0.06235,0.06182,0.49568137512862787,1.2267122671683284
819,short,2022-09-18,10:00:00,0.06163,2022-09-18,11:33:00,0.0621,1465.2966007334896,closed,-12.822331948109385,-0.8750673373357214,280.23698819858765,0.0620710679092995,0.0621,0.06155,0.4755140680621418,1.1722372805867918
820,long,2022-09-18,14:00:00,0.06232,2022-09-18,16:14:00,0.06195,1401.1849409929425,closed,-9.889595690073731,-0.7058023106546892,270.3473925085139,0.061979125349919235,0.06192,0.06259,0.4496742429374013,1.120947952794354
821,short,2022-09-18,17:00:00,0.062,2022-09-19,14:06:00,0.06001,1118.070654239109,closed,34.631336845173934,3.097419354838708,304.97872935368787,0.05998957420052024,0.062,0.05924,0.36066795298035775,0.8944565233912872
822,short,2022-09-20,12:00:00,0.06014,2022-09-20,15:54:00,0.06035,1454.161254788261,closed,-6.724637427530355,-0.46244097106751225,298.2540919261575,0.06032065291840696,0.06035,0.05969,0.4835920368434523,1.1633290038306088
823,long,2022-09-21,01:00:00,0.0599,2022-09-21,06:29:00,0.05939,1247.3568077442753,closed,-12.034598436253356,-0.9648080133555985,286.21949348990415,0.05946386889799861,0.05939,0.06018,0.4164797354738816,0.9978854461954203
824,short,2022-09-21,08:00:00,0.05944,2022-09-21,17:29:00,0.05998,1230.094749346377,closed,-12.573124582013605,-1.0221265141318958,273.6463689078905,0.05997152749014171,0.05998,0.05928,0.4138945993763046,0.9840757994771017
825,short,2022-09-21,22:00:00,0.05906,2022-09-22,08:28:00,0.05972,747.1007060394079,closed,-9.199585070534168,-1.231371486623774,264.44678383735635,0.0597016182087002,0.05972,0.05862,0.252997191344195,0.5976805648315263
826,short,2022-09-23,09:00:00,0.06035,2022-09-23,20:31:00,0.06003,1004.0476636179976,closed,4.187885300512399,0.41710024855012573,268.63466913786874,0.05998475128437012,0.06047,0.05919,0.33274156209378547,0.8032381308943981
827,long,2022-09-23,22:00:00,0.06032,2022-09-24,07:08:00,0.06003,1019.2269965659359,closed,-6.053451374033894,-0.5939257294429685,262.58121776383484,0.06010508172875168,0.06003,0.0609,0.3379399855987852,0.8153815972527487
828,short,2022-09-24,09:00:00,0.06037,2022-09-26,08:51:00,0.0597,1011.1937955436506,closed,10.07850507791608,0.9966937220473697,272.6597228417509,0.05968382740213908,0.06056,0.0589,0.3349987727492631,0.8089550364349205
829,long,2022-09-26,09:00:00,0.05975,2022-09-26,11:31:00,0.05909,1108.0078287687113,closed,-13.496369837286512,-1.2180753138075329,259.1633530044644,0.05910483288218736,0.05909,0.05984,0.3708812815962214,0.886406263014969
830,short,2022-09-26,22:00:00,0.05913,2022-09-27,00:14:00,0.05986,1152.3996449734095,closed,-15.538860925687011,-1.3483916793505741,243.6244920787774,0.05979488779001262,0.05986,0.05913,0.3897850989255571,0.9219197159787277
831,short,2022-09-27,16:00:00,0.06042,2022-09-28,05:42:00,0.05897,1188.6624197428696,closed,27.181927731076,2.286765971532605,270.8064198098534,0.058959174610339914,0.06054,0.05834,0.39346654079538884,0.9509299357942957
832,long,2022-09-28,08:00:00,0.05903,2022-09-28,10:01:00,0.05836,1107.7748115587106,closed,-13.834968281832213,-1.2488971709300305,256.9714515280212,0.058418476871175525,0.05836,0.05914,0.3753260415242116,0.8862198492469685
833,short,2022-09-29,11:00:00,0.06002,2022-09-29,15:19:00,0.05988,1284.857257640112,closed,1.5409724230916113,0.11993335554814112,258.5124239511128,0.059874504531866074,0.06024,0.0593,0.4281430382006372,1.0278858061120897
834,long,2022-09-29,21:00:00,0.06098,2022-09-29,22:22:00,0.06117,997.026876464626,closed,1.9818893056336297,0.19877992784519952,260.4943132567464,0.06118944520229801,0.06098,0.06198,0.3270012713888573,0.7976215011717008
835,short,2022-09-30,06:00:00,0.06101,2022-09-30,10:01:00,0.06107,992.0353620789674,closed,-2.0944450240725327,-0.2111260449106664,258.3998682326739,0.06100101771868738,0.06108,0.0602,0.3252041836023496,0.793628289663174
836,long,2022-09-30,15:00:00,0.06208,2022-09-30,19:53:00,0.06117,820.7518633294615,closed,-12.952014391700938,-1.5780670103092798,245.44785384097295,0.06130275800174181,0.06117,0.06228,0.2644174817427389,0.6566014906635692
837,short,2022-09-30,20:00:00,0.06117,2022-10-02,08:04:00,0.06105,745.1769838250552,closed,0.6220650237378478,0.0834788294915842,246.06991886471081,0.061047414717936135,0.06145,0.06004,0.2436413221595734,0.5961415870600442
838,short,2022-10-02,22:00:00,0.06128,2022-10-03,02:16:00,0.06138,1011.9382082433634,closed,-2.791152802058129,-0.2758224543080874,243.2787660626527,0.0613750635080874,0.06152,0.06063,0.33026703924391754,0.8095505665946908
839,long,2022-10-03,11:00:00,0.0613,2022-10-05,12:16:00,0.0619,1019.8503585905731,closed,8.83360108315248,0.8661663947797658,252.11236714580517,0.061938863895863595,0.06088,0.06267,0.33274073689741374,0.8158802868724585
840,long,2022-10-05,19:00:00,0.0624,2022-10-06,00:41:00,0.06197,1260.5618357290332,closed,-10.099039630090674,-0.8011538461538459,242.01332751571448,0.061981755799222514,0.06197,0.06256,0.40402622940033117,1.0084494685832266
841,short,2022-10-06,01:00:00,0.06205,2022-10-06,02:41:00,0.06266,1210.0666375785795,closed,-13.253983715775934,-1.095310233682502,228.75934379993853,0.06264137605458167,0.06266,0.06203,0.39002953668930845,0.9680533100628637
842,long,2022-10-06,03:00:00,0.06282,2022-10-07,12:31:00,0.06251,1068.3489580116682,closed,-6.466827465420087,-0.6053104106972376,222.29251633451844,0.06255743595293724,0.06224,0.06323,0.3401301999400408,0.8546791664093346
843,long,2022-10-08,00:00:00,0.06248,2022-10-08,04:39:00,0.0622,1111.4625816725993,closed,-6.225898210373011,-0.5601536491677377,216.06661812414544,0.062213277192431866,0.0622,0.06272,0.3557818763356592,0.8891700653380795
844,short,2022-10-08,05:00:00,0.06199,2022-10-08,09:10:00,0.0624,1080.3330906207343,closed,-8.358107881867598,-0.7736602677851164,207.70851024227784,0.062397462834292254,0.0624,0.06187,0.34855076322656375,0.8642664724965875
845,long,2022-10-08,15:00:00,0.06225,2022-10-08,21:42:00,0.06209,1038.5425512113966,closed,-3.833848646881596,-0.36915662650602477,203.87466159539625,0.06209494530789781,0.06209,0.06254,0.3336682895458302,0.8308340409691173
846,long,2022-10-09,04:00:00,0.06211,2022-10-09,22:28:00,0.06225,1019.3733079769885,closed,1.1539876997340088,0.11320560296248791,205.02864929513026,0.06226841941081504,0.06191,0.06276,0.3282477243525966,0.8154986463815909
847,short,2022-10-09,23:00:00,0.06227,2022-10-10,03:32:00,0.06267,1025.1432464756585,closed,-7.734522233599046,-0.7544820941063185,197.2941270615312,0.06264184522143418,0.06267,0.06221,0.3292575064961165,0.8201145971805269
848,long,2022-10-10,04:00:00,0.0629,2022-10-10,07:31:00,0.06407,986.4706353076633,closed,17.24645513887338,1.7482988871224237,214.5405822004046,0.06414862894217817,0.0629,0.06466,0.31366315908033815,0.7891765082461307
849,short,2022-10-10,14:00:00,0.06375,2022-10-12,06:59:00,0.06241,667.4036476087459,closed,13.285258491223516,1.990588235294119,227.82584069162812,0.062154639449026,0.06397,0.06113,0.20938153650470462,0.5339229180869968
850,short,2022-10-12,16:00:00,0.06204,2022-10-13,15:13:00,0.06015,632.7544486844442,closed,18.566182305654447,2.934184397163114,246.39202299728257,0.060136887853249804,0.06228,0.05902,0.20398273651980797,0.5062035589475554
851,long,2022-10-13,17:00:00,0.06066,2022-10-14,12:41:00,0.06396,599.3565549570349,closed,31.928848093638678,5.327187603033308,278.32087109092123,0.064133151192608,0.06046,0.06538,0.19761178864392842,0.4794852439656279
852,short,2022-10-14,22:00:00,0.06331,2022-10-15,02:02:00,0.06476,593.9710157853456,closed,-14.26663776989338,-2.401908071394713,264.0542333210278,0.0647532789715731,0.06476,0.06327,0.1876389245886418,0.4751768126282765
853,short,2022-10-15,05:00:00,0.06378,2022-10-17,07:09:00,0.06262,588.7293300668744,closed,10.051930243632947,1.7073941674506241,274.1061635646608,0.06256031594835795,0.06408,0.06113,0.1846125211874802,0.4709834640534995
854,short,2022-10-17,15:00:00,0.062,2022-10-17,18:53:00,0.06275,1191.3485563465606,closed,-15.748859302929707,-1.3219354838709687,258.3573042617311,0.0627132497895127,0.06275,0.062,0.3843059859182454,0.9530788450772485
855,long,2022-10-17,19:00:00,0.0628,2022-10-18,02:53:00,0.06221,1114.2198418946157,closed,-11.714211917396394,-1.0513375796178237,246.6430923443347,0.06222191932428488,0.06221,0.06295,0.3548470834059286,0.8913758735156926
856,long,2022-10-18,08:00:00,0.06275,2022-10-18,15:31:00,0.06209,1093.1925488996706,closed,-12.721102776199848,-1.1636653386454197,233.92198956813485,0.06209212589034818,0.06209,0.0628,0.34842790403176754,0.8745540391197365
857,long,2022-10-19,02:00:00,0.06255,2022-10-19,13:41:00,0.06227,880.3638599076825,closed,-4.926659720576838,-0.5596163069544292,228.995329847558,0.06228899016907502,0.06227,0.06312,0.28149124217671706,0.704291087926146
858,short,2022-10-19,14:00:00,0.06217,2022-10-20,04:49:00,0.06233,799.7922737485374,closed,-2.955462084637193,-0.36952871159723405,226.0398677629208,0.06229002107946715,0.06259,0.0614,0.2572920295153731,0.63983381899883
859,long,2022-10-20,06:00:00,0.06205,2022-10-21,06:58:00,0.06217,952.7292839479146,closed,0.7732384647803213,0.08116035455278332,226.81310622770113,0.06217391609710109,0.06194,0.06291,0.3070843783877243,0.7621834271583318
860,long,2022-10-21,17:00:00,0.06142,2022-10-23,11:08:00,0.0611,850.8898655243828,closed,-5.39094559932753,-0.633565613806579,221.4221606283736,0.06114139458765794,0.0611,0.06196,0.277072570994589,0.6807118924195062
861,long,2022-10-23,18:00:00,0.06168,2022-10-24,01:19:00,0.06151,1107.1108031418748,closed,-4.296049417431665,-0.3880415045395535,217.12611121094193,0.061514476201248024,0.0615,0.06198,0.35898534472823446,0.8856886425134999
862,short,2022-10-24,03:00:00,0.06137,2022-10-24,10:24:00,0.06172,1085.6305560547166,closed,-7.413775843576721,-0.6829004399543689,209.7123353673652,0.06169192667106938,0.06172,0.06118,0.3537984539855684,0.8685044448437733
863,long,2022-10-24,11:00:00,0.06156,2022-10-24,23:28:00,0.06129,1048.5616768368334,closed,-5.77846737725051,-0.5510851202079262,203.9338679901147,0.06129389802274658,0.06122,0.06179,0.3406633128124865,0.8388493414694668
864,short,2022-10-25,00:00:00,0.06127,2022-10-25,13:32:00,0.06161,1019.6693399505807,closed,-6.806937730524347,-0.6675632446548067,197.12693025959035,0.06160792958433366,0.06161,0.0611,0.33284456992021566,0.8157354719604646
865,long,2022-10-25,14:00:00,0.0617,2022-10-25,20:04:00,0.06239,985.6346512979587,closed,9.914494165017311,1.005899513776342,207.04142442460767,0.06240446024946923,0.06159,0.06283,0.31949259361360094,0.788507721038367
866,short,2022-10-26,13:00:00,0.06268,2022-10-26,14:19:00,0.06329,1003.1196995521994,closed,-10.884904992537182,-1.0851052967453725,196.1565194320705,0.0631368498469688,0.06329,0.06249,0.320076483583982,0.8024957596417596
867,long,2022-10-26,18:00:00,0.0633,2022-10-27,10:04:00,0.06337,820.8128166119743,closed,-0.00829889735594247,-0.0010110584518157732,196.14822053471454,0.06337363341868237,0.06286,0.06413,0.2593405423734516,0.6566502532895795
868,long,2022-10-28,09:00:00,0.06303,2022-10-29,11:03:00,0.06376,837.9204678331332,closed,8.768399658757767,1.0464477233063534,204.9166201934723,0.0637622675531322,0.06282,0.0645,0.26587988825420694,0.6703363742665066
869,short,2022-10-29,12:00:00,0.0638,2022-10-29,17:35:00,0.0642,949.3759777325308,closed,-7.009311293904844,-0.7383072100313441,197.90730889956745,0.06419854071911364,0.0642,0.06351,0.29761002436756456,0.7595007821860247
870,long,2022-10-29,21:00:00,0.06419,2022-10-30,09:47:00,0.06385,758.460105129574,closed,-4.860477974221145,-0.6408350210313026,193.0468309253463,0.06394253537448137,0.06365,0.06478,0.23631721611764267,0.6067680841036592
871,short,2022-10-30,10:00:00,0.0639,2022-10-31,11:10:00,0.06327,720.9380680742579,closed,6.305443935607751,0.8746165884193923,199.35227486095405,0.06326553066500429,0.0641,0.06241,0.225645717707123,0.5767504544594063
872,short,2022-10-31,15:00:00,0.06259,2022-10-31,23:34:00,0.06329,744.0114333791055,closed,-9.153896349658233,-1.2303435053522804,190.19837851129583,0.06328852601746171,0.06329,0.06245,0.23774131119319555,0.5952091467032844
873,short,2022-11-01,11:00:00,0.06313,2022-11-02,04:36:00,0.06297,950.9918925564864,closed,1.348169973328723,0.14176461270395585,191.54654848462457,0.06295075536854933,0.06316,0.06242,0.3012804981962574,0.7607935140451891
874,long,2022-11-02,05:00:00,0.06294,2022-11-02,06:06:00,0.06251,957.7327424231299,closed,-7.613655753684426,-0.7949666348903714,183.93289273094015,0.06252288266253704,0.06251,0.063,0.30433198043315224,0.766186193938504
875,short,2022-11-02,07:00:00,0.06237,2022-11-02,08:58:00,0.06259,919.664463654708,closed,-4.2746039659395505,-0.4648003848003927,179.6582887650006,0.06256567770424101,0.06259,0.06206,0.29490603291797596,0.7357315709237664
876,long,2022-11-02,15:00:00,0.06243,2022-11-02,18:52:00,0.06231,898.29144382501,closed,-2.733062149702059,-0.30425116130066004,176.92522661529856,0.06244097969322918,0.0622,0.06302,0.28777557066314596,0.718633155060008
877,short,2022-11-02,20:00:00,0.06178,2022-11-03,01:43:00,0.06216,673.4450703953478,closed,-4.89903491934862,-0.7274587245063102,172.02619169594993,0.06215153170323723,0.06216,0.06134,0.21801394315161796,0.5387560563162782
878,long,2022-11-03,02:00:00,0.06213,2022-11-03,14:00:00,0.06164,670.5038645389008,closed,-6.040297682244956,-0.900859488169962,165.98589401370498,0.061642988390125136,0.06161,0.06244,0.2158390035534849,0.5364030916311207
879,short,2022-11-03,14:00:00,0.06164,2022-11-04,06:32:00,0.06224,674.2186125116301,closed,-7.3209378322093075,-1.0858403634003835,158.66495618149568,0.06222875764308036,0.06224,0.06147,0.21876009490967882,0.5393748900093042
880,short,2022-11-05,07:00:00,0.06432,2022-11-05,12:00:00,0.06435,685.0838587595531,closed,-1.080626056814533,-0.1577363184079637,157.58433012468114,0.0643148234147621,0.06444,0.06357,0.21302358792274662,0.5480670870076425
881,long,2022-11-06,08:00:00,0.06385,2022-11-06,12:36:00,0.06463,736.4522247422366,closed,8.176753502964267,1.110289741581837,165.7610836276454,0.0646468762928252,0.06381,0.06533,0.23068198112521116,0.5891617797937893
882,short,2022-11-06,17:00:00,0.0642,2022-11-08,01:18:00,0.06263,604.9622428161629,closed,14.121816441962729,2.3343302180685175,179.88290006960813,0.06261954758294964,0.06445,0.06174,0.18846175788665512,0.4839697942529303
883,short,2022-11-08,04:00:00,0.06088,2022-11-08,07:39:00,0.06076,535.0391053775895,closed,0.45081087301981276,0.08425755584756091,180.33371094262793,0.06068340846175245,0.06102,0.05966,0.17576843146438556,0.42803128430207166
884,long,2022-11-08,11:00:00,0.06095,2022-11-08,17:22:00,0.06179,478.4680917261013,closed,6.054368024000634,1.2653650533223961,186.38807896662857,0.06193140306406836,0.06063,0.06308,0.15700347554589053,0.38277447338088105
885,short,2022-11-08,19:00:00,0.05932,2022-11-08,19:35:00,0.05743,326.05276259608706,closed,10.01762485085842,3.0723937963587247,196.405703817487,0.05729551405672296,0.05948,0.0556,0.10993012899396058,0.26084221007686964
886,long,2022-11-09,05:00:00,0.05957,2022-11-09,05:45:00,0.0631,298.3037058677961,closed,17.338090417813167,5.812227631358075,213.74379423530016,0.06324893019994983,0.05784,0.06521,0.100152326965854,0.2386429646942369
887,short,2022-11-09,13:00:00,0.05924,2022-11-10,03:21:00,0.05588,189.5247565265685,closed,10.533942092124105,5.558082376772455,224.27773632742426,0.05582050880807334,0.05967,0.05248,0.06398540058290632,0.15161980522125482
888,long,2022-11-10,05:00:00,0.05546,2022-11-10,06:50:00,0.05681,195.9086639585682,closed,4.541407274835582,2.318124774612328,228.81914360225986,0.05697544839891576,0.05514,0.06015,0.07064863467672854,0.15672693116685457
889,long,2022-11-11,11:00:00,0.05747,2022-11-11,14:30:00,0.05519,149.36293321501324,closed,-6.09712644183093,-4.082088045937007,222.72201716042892,0.05526364311842468,0.05519,0.05775,0.05197944430659936,0.1194903465720106
890,long,2022-11-12,00:00:00,0.05597,2022-11-12,05:11:00,0.05398,118.87730100585856,closed,-4.364234858881791,-3.6712095765588684,218.35778230154713,0.05403982585345913,0.05398,0.05602,0.0424789355032548,0.09510184080468685
891,short,2022-11-11,01:00:00,0.05767,2022-11-13,01:40:00,0.05614,198.94655695925871,closed,5.049951493958864,2.538345760360668,223.407733795506,0.056116468556488934,0.05799,0.0528,0.06899481774206996,0.15915724556740699
892,long,2022-11-12,10:00:00,0.05432,2022-11-13,06:06:00,0.0544,97.05612671144962,closed,0.02955995140489516,0.030456553755516806,223.4372937469109,0.05447995775846012,0.05424,0.05625,0.035734950924686905,0.0776449013691597
893,short,2022-11-13,06:00:00,0.05472,2022-11-13,11:35:00,0.05284,460.5885624076549,closed,15.287500021386704,3.319122807017543,238.72479376829762,0.052737092354333166,0.05472,0.05141,0.16834377280981538,0.36847084992612394
894,long,2022-11-13,22:00:00,0.05073,2022-11-14,03:29:00,0.04945,336.4806984733961,closed,-8.891792641085315,-2.6425862408830993,229.8330011272123,0.049450415530101606,0.04945,0.05125,0.13265550895856343,0.2691845587787169
895,short,2022-11-14,04:00:00,0.04718,2022-11-14,06:42:00,0.04719,238.761833783788,closed,-0.3428292002511587,-0.1435862653666873,229.49017192696115,0.0470107818961973,0.04734,0.04474,0.10121315548274185,0.19100946702703042
896,long,2022-11-14,08:00:00,0.05016,2022-11-14,14:38:00,0.04928,171.18131438263197,closed,-3.2083801181801435,-1.874258373205753,226.281791808781,0.04930770924257365,0.04916,0.05267,0.06825411259275597,0.1369450515061056
897,short,2022-11-14,19:00:00,0.04882,2022-11-15,01:31:00,0.05117,188.96397993579302,closed,-9.324555707664917,-4.934567800081928,216.95723610111608,0.05115306424744502,0.05117,0.04823,0.07741252762629784,0.15117118394863444
898,long,2022-11-14,22:00:00,0.04902,2022-11-17,09:46:00,0.04915,186.58905936494747,closed,0.26943125210298047,0.14439820481435778,217.22666735321906,0.04922540373482628,0.04889,0.05179,0.07612772719908098,0.149271247491958
899,short,2022-11-17,10:00:00,0.04918,2022-11-17,16:30:00,0.04981,326.92891836185,closed,-4.582482478634215,-1.4016754778365161,212.64418487458485,0.049807504240009966,0.04981,0.04879,0.13295197981368442,0.26154313468948
900,short,2022-11-15,19:00:00,0.05007,2022-11-18,00:12:00,0.05058,151.84088368085057,closed,-1.7287359054837312,-1.1385180746954195,210.9154489691011,0.05046868426123087,0.05142,0.04879,0.0606514414543042,0.12147270694468046
901,long,2022-11-17,17:00:00,0.04986,2022-11-20,08:41:00,0.05133,304.0165059686788,closed,8.59802092387696,2.828142799839548,219.51346989297807,0.05159130325274229,0.04983,0.05264,0.12194805694692291,0.24321320477494307
902,long,2022-11-21,05:00:00,0.0502,2022-11-21,19:30:00,0.05057,608.9747486040673,closed,3.7586600818223372,0.6172111553784766,223.2721299748004,0.05057523537602443,0.0498,0.05148,0.24261942175460846,0.48717979888325386
903,short,2022-11-22,07:00:00,0.05127,2022-11-22,13:10:00,0.04987,528.5418038915411,closed,13.803569704347849,2.6116325336454174,237.07569967914824,0.049792900351450446,0.05137,0.04871,0.2061797557603047,0.4228334431132329
904,long,2022-11-22,17:00:00,0.05035,2022-11-25,02:01:00,0.05219,383.13077366521253,closed,13.542512423186745,3.5346971201588904,250.61821210233498,0.05223220794839157,0.05003,0.05379,0.1521870004628451,0.30650461893217
905,long,2022-11-25,11:00:00,0.053,2022-11-26,17:03:00,0.05263,702.7584670502486,closed,-5.7334483236325315,-0.8158490566037646,244.88476377870245,0.05264495516139587,0.05263,0.05359,0.2651918743585844,0.5622067736401989
906,long,2022-11-27,03:00:00,0.05309,2022-11-27,23:04:00,0.05343,1176.2681826762662,closed,6.148942478843074,0.5227500470898474,251.03370625754553,0.05353736530748322,0.05305,0.05409,0.4431223140615055,0.941014546141013
907,short,2022-11-28,00:00:00,0.05324,2022-11-28,00:50:00,0.05394,996.2578782752885,closed,-14.270065512954694,-1.4323666416228384,236.76364074459084,0.05391076179835532,0.05394,0.05324,0.37425164473151334,0.7970063026202309
908,long,2022-11-28,14:00:00,0.05277,2022-11-29,00:06:00,0.05285,780.304348611746,closed,0.2629701067976913,0.03370096645822188,237.02661085138854,0.05286941383485044,0.05272,0.05367,0.2957378618956779,0.6242434788893969
909,short,2022-11-29,14:00:00,0.05352,2022-11-30,00:48:00,0.05396,827.3309264651951,closed,-7.77270603739772,-0.9394917787742953,229.25390481399083,0.05395666203371403,0.05396,0.05319,0.30916701287937043,0.6618647411721561
910,long,2022-11-30,01:00:00,0.05405,2022-11-30,17:27:00,0.05363,815.6189374370846,closed,-7.29213127339685,-0.8940610545791002,221.96177354059398,0.05363038218177395,0.05363,0.05439,0.3018016419748694,0.6524951499496677
911,long,2022-11-30,21:00:00,0.05448,2022-12-01,13:51:00,0.05429,836.0118349631957,closed,-3.891322047674546,-0.46546255506608425,218.07045149291943,0.05429677594282957,0.05428,0.05502,0.3069059599718046,0.6688094679705566
912,long,2022-12-02,08:00:00,0.05421,2022-12-03,02:14:00,0.05402,1039.7935549557649,closed,-4.859812090611234,-0.46738240177089585,213.2106394023082,0.05403154104393665,0.05392,0.0546,0.38361688063300686,0.8318348439646119
913,long,2022-12-03,13:00:00,0.05397,2022-12-03,22:33:00,0.05364,1066.0531970115476,closed,-7.7662874150122105,-0.7285084306095923,205.444351987296,0.05364661818015366,0.05364,0.05405,0.39505399185160195,0.8528425576092381
914,short,2022-12-03,23:00:00,0.05358,2022-12-04,00:18:00,0.05386,1027.2217599364865,closed,-6.573299020135478,-0.6399104143336982,198.87105296716052,0.053838732909114395,0.05386,0.05346,0.38343477414575833,0.8217774079491892
915,long,2022-12-04,03:00:00,0.05405,2022-12-04,05:00:00,0.05362,994.3552648358093,closed,-9.074112688762522,-0.9125624421831633,189.796940278398,0.05365059582941441,0.05362,0.05407,0.3679390434175058,0.7954842118686475
916,short,2022-12-04,06:00:00,0.05362,2022-12-05,04:45:00,0.05336,948.9847013919967,closed,3.488412543513079,0.36759418127564963,193.2853528219111,0.053339610409175134,0.05379,0.05288,0.35396669205221815,0.7591877611135974
917,short,2022-12-05,17:00:00,0.05325,2022-12-06,15:24:00,0.05332,935.880136107968,closed,-2.3304733530125286,-0.24901408450704343,190.95487946889855,0.05310988051571272,0.05352,0.05256,0.3515042764724763,0.7487041088863745
918,long,2022-12-06,16:00:00,0.0531,2022-12-07,06:52:00,0.0531,924.4428093096444,closed,-1.0877436294852465,-0.1176647834274953,189.8671358394133,0.053151577534181337,0.05281,0.0537,0.34818938203753086,0.7395542474477156
919,short,2022-12-07,07:00:00,0.05315,2022-12-07,09:22:00,0.05281,949.3356791970734,closed,4.95619311878841,0.5220696142991534,194.8233289582017,0.05280867527974252,0.05315,0.05234,0.3572288538841292,0.7594685433576588
920,long,2022-12-07,14:00:00,0.05324,2022-12-09,13:31:00,0.05443,908.0195854465842,closed,19.228184537737786,2.117595792637109,214.05151349593947,0.05443884524739446,0.05288,0.05501,0.3411042770272668,0.7264156683572673
921,short,2022-12-09,14:00:00,0.05472,2022-12-10,15:24:00,0.05525,1056.2867886728154,closed,-11.461947080244746,-1.0851169590643326,202.58956641569472,0.055074437438018826,0.05525,0.05452,0.38606973270205247,0.8450294309382523
922,long,2022-12-10,17:00:00,0.05508,2022-12-11,08:53:00,0.05463,1012.9478320784807,closed,-9.453885518329542,-0.933304284676832,193.13568089736518,0.054657669024539335,0.05463,0.05518,0.3678096703262458,0.8103582656627846
923,long,2022-12-12,16:00:00,0.05258,2022-12-13,07:05:00,0.05275,628.8973200028307,closed,1.2909977392891476,0.20527957398249636,194.42667863665432,0.052752628607358534,0.05252,0.05356,0.2392154127055271,0.5031178560022646
924,short,2022-12-13,08:00:00,0.05277,2022-12-13,11:19:00,0.05333,717.4519949152118,closed,-8.459543499491511,-1.1791093424294203,185.9671351371628,0.05331502315864832,0.05333,0.0526,0.2719166173641129,0.5739615959321694
925,long,2022-12-13,12:00:00,0.05332,2022-12-14,19:02:00,0.05665,655.7812453962882,closed,40.18497594632577,6.127801950487622,226.1521110834886,0.05672397291664529,0.05318,0.05748,0.2459794618890804,0.5246249963170306
926,short,2022-12-14,22:00:00,0.05612,2022-12-15,03:18:00,0.05607,643.9553553595803,closed,-0.1709258548366962,-0.026543121881679572,225.9811852286519,0.05605544537042622,0.05612,0.05507,0.22949228630063445,0.5151642842876643
927,long,2022-12-15,18:00:00,0.05571,2022-12-16,03:38:00,0.05543,874.6721412826165,closed,-5.409873099577648,-0.6185029617662942,220.57131212907424,0.05545033538311697,0.05543,0.05617,0.31400902577010104,0.6997377130260932
928,long,2022-12-16,08:00:00,0.05594,2022-12-16,09:00:00,0.05541,958.394172714379,closed,-10.189611208620276,-1.0631962817304177,210.38170092045397,0.05542627951672774,0.05541,0.05607,0.34265075892541264,0.7667153381715033
929,short,2022-12-16,09:00:00,0.05541,2022-12-17,00:23:00,0.0533,818.597030076514,closed,30.221639121290078,3.6918823317090794,240.60334004174405,0.053252026163038535,0.05541,0.05254,0.2954690597641271,0.6548776240612112
930,long,2022-12-17,08:00:00,0.05317,2022-12-18,06:45:00,0.05403,626.7702127695317,closed,9.400539419899221,1.49983825465488,250.00387946164327,0.054079460149079904,0.05308,0.0551,0.23576084738368694,0.5014161702156253
931,short,2022-12-18,07:00:00,0.05373,2022-12-18,10:22:00,0.05421,710.4121531186971,closed,-7.179274754308645,-1.0105788200260586,242.82460470733463,0.054135416571528566,0.05421,0.05319,0.2644378012725469,0.5683297224949577
932,long,2022-12-18,23:00:00,0.05369,2022-12-19,07:47:00,0.05344,779.3754850913607,closed,-4.542877943943224,-0.58288694356491,238.28172676339142,0.053443608987187446,0.05344,0.05428,0.29032426339778755,0.6235003880730886
933,short,2022-12-19,08:00:00,0.05349,2022-12-20,01:07:00,0.05392,783.3665574264679,closed,-7.216989578749371,-0.9212787436904091,231.06473718464204,0.053863520148629156,0.05421,0.05305,0.29290205923592,0.6266932459411744
934,long,2022-12-20,02:00:00,0.05381,2022-12-21,19:56:00,0.05465,830.7959959571939,closed,11.995699882009554,1.4438803196431897,243.0604370666516,0.05470170598026412,0.05368,0.05545,0.30878869948232446,0.6646367967657552
935,long,2022-12-22,04:00:00,0.05503,2022-12-22,14:33:00,0.0548,1215.3021853332655,closed,-6.493331087414671,-0.5342976558240978,236.5671059792369,0.05490008302909836,0.0548,0.05541,0.4416871471318428,0.9722417482666125
936,long,2022-12-22,21:00:00,0.05546,2022-12-23,04:53:00,0.05518,1060.915640675485,closed,-6.587547734369601,-0.6209304002885007,229.97955824486732,0.05519166564830475,0.05518,0.05581,0.3825876814552777,0.8487325125403881
937,short,2022-12-23,05:00:00,0.05508,2022-12-24,08:23:00,0.0546,1053.642914766635,closed,7.956572610682082,0.7551488743645504,237.9361308555494,0.05459111798269592,0.05516,0.05399,0.3825863888041522,0.842914331813308
938,short,2022-12-25,08:00:00,0.05465,2022-12-25,15:00:00,0.05445,1189.6806542777545,closed,2.966691300365434,0.24936870997255045,240.90282215591483,0.05444300631203444,0.05475,0.05412,0.4353817581986293,0.9517445234222036
939,long,2022-12-25,19:00:00,0.05465,2022-12-26,15:30:00,0.05452,1204.514110779582,closed,-4.269688445383687,-0.3544739249771239,236.63313371053115,0.05453775628487435,0.05452,0.05496,0.44081028756800816,0.9636112886236657
940,long,2022-12-27,01:00:00,0.05461,2022-12-27,06:06:00,0.05431,1183.1656685526632,closed,-7.879567032861801,-0.6659732649697888,228.75356667766934,0.05431677098719961,0.05431,0.05469,0.43331465612622716,0.9465325348421306
941,short,2022-12-27,07:00:00,0.05439,2022-12-27,15:27:00,0.05407,1143.7678333883541,closed,5.393688620152843,0.47157198014341023,234.14725529782217,0.054054803493607854,0.05439,0.05371,0.4205801924575673,0.9150142667106833
942,long,2022-12-27,23:00:00,0.05391,2022-12-28,05:31:00,0.05368,1170.7362764891184,closed,-6.365712915130839,-0.5437358560563922,227.78154238269133,0.053853017570530605,0.05368,0.05432,0.43432991151516176,0.9365890211912947
943,short,2022-12-28,06:00:00,0.05325,2022-12-28,08:02:00,0.05379,1025.4291756990815,closed,-11.604199460587141,-1.1316431924882606,216.17734292210417,0.053771428809484045,0.05379,0.05318,0.385137718572425,0.8203433405592653
944,long,2022-12-28,12:00:00,0.0537,2022-12-28,23:04:00,0.05401,1023.7273927871245,closed,4.709527283317245,0.4600372439478672,220.88687020542142,0.05404301686578338,0.05368,0.05461,0.38127649638254174,0.8189819142296996
945,short,2022-12-29,02:00:00,0.054,2022-12-29,16:20:00,0.05443,945.0533797523418,closed,-8.631487535071384,-0.9133333333333329,212.25538267035003,0.054421069696519074,0.05443,0.05379,0.35001977027864517,0.7560427038018734
946,short,2022-12-29,18:00:00,0.05397,2022-12-29,22:40:00,0.05394,1061.2769133517577,closed,-0.6523795233900851,-0.061471187696877316,211.60300314695994,0.05366443021767902,0.05397,0.05314,0.3932840145828267,0.8490215306814062
947,long,2022-12-30,06:00:00,0.05377,2022-12-31,00:00:00,0.05434,917.5273453919402,closed,9.188788083964994,1.0014729403012854,220.79179123092493,0.053819969788565174,0.05368,0.05444,0.17063926825217413,0.3670109381567761
