,direction,entry_date,entry_time,entry_price,exit_date,exit_time,exit_price,position_size,status,profit_loss,profit_loss_percent,running_profit_loss,sl_price,drawdown,runup,slippage,commission
0,short,2017-10-03,18:00:00,149.458,2017-10-03,21:00:00,149.556,5000.0,closed,-4.345421456195493,-0.08690842912390986,995.6545785438045,100000,149.601,149.387,0.06690842912390103,1.0
1,short,2017-10-04,14:00:00,149.14,2017-10-04,15:00:00,149.336,4978.272892719022,closed,-7.604867618362082,-0.15276116400699105,988.0497109254425,100000,149.336,149.136,0.0667597276749232,0.9956545785438045
2,short,2017-10-05,01:00:00,149.35,2017-10-10,07:00:00,148.341,4940.24855462721,closed,32.321828390912735,0.654255105456971,1020.3715393163552,100000,149.446,146.968,0.06615665958657128,0.988049710925442
3,long,2017-10-10,07:00:00,148.341,2017-10-10,09:00:00,148.237,5101.857696581774,closed,-4.666005017840407,-0.09145698087515482,1015.7055342985147,0,148.225,148.408,0.06878553733063379,1.0203715393163548
4,long,2017-10-12,20:00:00,148.873,2017-10-13,14:00:00,148.978,5078.527671492573,closed,2.497949394156124,0.04918648781177124,1018.2034836926708,0,148.562,149.258,0.06822630929036928,1.0157055342985146
5,short,2017-10-17,13:00:00,148.188,2017-10-18,02:00:00,148.034,5091.017418463352,closed,4.203775675256847,0.08257240802223957,1022.4072593679276,100000,148.231,147.813,0.06871025209144267,1.0182034836926706
6,long,2017-10-24,09:00:00,150.014,2017-10-24,16:00:00,149.66,5112.0362968396375,closed,-13.153841136705905,-0.25731118428947525,1009.2534182312218,0,149.657,150.075,0.06815412290639057,1.0224072593679276
7,short,2017-10-24,16:00:00,149.66,2017-10-25,02:00:00,149.621,5046.26709115611,closed,0.2383202980103376,0.0047227047975325846,1009.4917385292321,100000,149.741,149.165,0.06743641709416157,1.009253418231222
8,short,2017-10-25,03:00:00,149.395,2017-10-25,05:00:00,149.566,5047.458692646162,closed,-6.854468838350156,-0.13580039492619717,1002.6372696908819,100000,149.594,149.368,0.06757198959330848,1.0094917385292324
9,short,2017-10-27,10:00:00,149.369,2017-10-27,20:00:00,149.452,5013.186348454412,closed,-3.8554436727505337,-0.07690605145645911,998.7818260181314,100000,149.674,149.027,0.06712485654258128,1.0026372696908825
10,short,2017-10-30,19:00:00,149.288,2017-10-31,07:00:00,149.479,4993.90913009066,closed,-7.454923392034891,-0.14928031723916355,991.3269026260965,100000,149.54,149.205,0.06690302140949922,0.9987818260181321
11,long,2017-11-01,10:00:00,151.629,2017-11-01,11:00:00,151.58,4956.634513130486,closed,-2.658477382874246,-0.05363472686621831,988.6684252432223,0,151.389,151.756,0.06537845020583775,0.9913269026260972
12,long,2017-11-01,12:00:00,151.737,2017-11-01,13:00:00,151.675,4943.342126216116,closed,-3.0736832606343896,-0.062178242617149014,985.5947419825878,0,151.63,151.79,0.06515671360599085,0.9886684252432233
13,long,2017-11-01,14:00:00,151.83,2017-11-01,16:00:00,151.292,4927.973709912944,closed,-18.512472192769938,-0.3756609365738068,967.0822697898179,0,151.088,151.844,0.06491436092884072,0.9855947419825889
14,short,2017-11-09,10:00:00,148.952,2017-11-09,18:00:00,148.933,4835.411348949094,closed,-0.4152132587516254,-0.008586927332291305,966.6670565310664,100000,149.14,148.48,0.06492576600447249,0.9670822697898188
15,short,2017-11-13,01:00:00,149.184,2017-11-13,18:00:00,148.859,4833.335282655336,closed,9.498042941173905,0.19651115401114636,976.1650994722403,100000,149.245,148.08,0.06479696593006404,0.9666670565310673
16,short,2017-11-15,03:00:00,148.785,2017-11-15,18:00:00,148.956,4880.8254973612065,closed,-6.65135286062727,-0.1362751621467166,969.513746611613,100000,148.998,148.214,0.065609107065379,0.9761650994722414
17,short,2017-11-23,11:00:00,148.05,2017-11-23,15:00:00,148.167,4847.5687330580695,closed,-4.865904690440475,-0.10037825059100995,964.6478419211725,100000,148.233,147.916,0.0654855620811627,0.9695137466116139
18,short,2017-11-23,18:00:00,147.944,2017-11-23,20:00:00,147.984,4823.2392096058675,closed,-2.333923019039172,-0.04838912020765997,962.3139189021333,100000,148.07,147.87,0.06520357986273005,0.9646478419211736
19,short,2017-11-28,14:00:00,147.733,2017-11-28,20:00:00,148.434,4811.569594510673,closed,-23.858575586511748,-0.4958584744099107,938.4553433156216,100000,148.927,147.004,0.06513872451667092,0.9623139189021346
20,long,2017-11-28,20:00:00,148.434,2017-11-29,22:00:00,150.034,4692.276716578112,closed,49.577317276783525,1.056572752873327,988.0326605924051,0,148.422,150.413,0.06322374545694534,0.9384553433156225
21,long,2017-11-30,03:00:00,150.835,2017-11-30,13:00:00,150.985,4940.16330296203,closed,3.8592784332413093,0.07812046275732136,991.8919390256465,0,150.694,151.515,0.06550420397072337,0.988032660592406
22,long,2017-11-30,19:00:00,151.999,2017-12-01,03:00:00,152.108,4959.4596951282365,closed,2.4993296307133988,0.05039519996842668,994.3912686563599,0,151.999,152.418,0.06525647793904218,0.9918919390256473
23,long,2017-12-04,01:00:00,152.306,2017-12-04,11:00:00,151.647,4971.956343281804,closed,-22.572419336555015,-0.4539947211534805,971.8188493198049,0,151.552,152.306,0.06528904105264144,0.9943912686563608
24,short,2017-12-04,11:00:00,151.647,2017-12-04,13:00:00,152.481,4859.094246599029,closed,-27.75904701840198,-0.5712802759039106,944.059802301403,100000,152.727,151.541,0.06408427791646429,0.9718188493198059
25,long,2017-12-04,13:00:00,152.481,2017-12-04,19:00:00,151.866,4720.299011507021,closed,-20.044305013834254,-0.4246405781703823,924.0154972875688,0,151.434,152.95,0.06191327459168055,0.9440598023014042
26,short,2017-12-04,19:00:00,151.866,2017-12-05,16:00:00,151.449,4620.077486437849,closed,11.701141923542073,0.2532672224197658,935.7166392111109,100000,151.97,150.584,0.060844132148576355,0.9240154972875698
27,short,2017-12-06,01:00:00,150.876,2017-12-06,18:00:00,150.294,4678.583196055559,closed,17.04976981133234,0.3644216442641597,952.7664090224432,100000,151.097,149.781,0.06201891879497812,0.9357166392111118
28,short,2017-12-12,20:00:00,151.092,2017-12-13,09:00:00,151.197,4763.83204511222,closed,-4.326406501330169,-0.09081777989568592,948.440002521113,100000,151.307,150.85,0.0630586933141691,0.952766409022444
29,short,2017-12-13,20:00:00,150.986,2017-12-14,01:00:00,151.224,4742.20001260557,closed,-8.486410430410684,-0.17895513491317044,939.9535920907023,100000,151.269,150.596,0.06281642023241321,0.948440002521114
30,short,2017-12-14,15:00:00,151.208,2017-12-15,22:00:00,150.052,4699.767960453517,closed,34.92807076087598,0.7431871329559322,974.8816628515783,100000,151.273,149.516,0.06216295381796621,0.9399535920907034
31,long,2017-12-19,17:00:00,150.842,2017-12-20,08:00:00,151.214,4874.408314257897,closed,10.981543446039524,0.2252897734052755,985.8632062976178,0,150.636,151.399,0.06462932491292739,0.9748816628515794
32,long,2017-12-20,09:00:00,151.444,2017-12-20,22:00:00,151.811,4929.316031488095,closed,10.89443810305268,0.22101317978924134,996.7576444006705,0,151.352,152.013,0.06509754142109421,0.985863206297619
33,long,2017-12-21,12:00:00,151.752,2017-12-21,14:00:00,151.607,4983.788222003359,closed,-5.824482278241048,-0.11686857504349876,990.9331621224295,0,151.544,151.848,0.06568332835156517,0.9967576444006718
34,long,2017-12-21,21:00:00,151.678,2017-12-22,01:00:00,151.583,4954.665810612152,closed,-4.1595046334589005,-0.08395126518018359,986.7736574889706,0,151.583,151.766,0.06533137054302077,0.9909331621224304
35,long,2017-12-28,19:00:00,151.79,2017-12-29,03:00:00,151.654,4933.868287444859,closed,-5.472403960324266,-0.11091508004479592,981.3012535286463,0,151.615,152.001,0.06500913482370194,0.9867736574889717
36,long,2017-12-29,09:00:00,151.762,2018-01-03,10:00:00,152.722,4906.506267643237,closed,29.991096345358162,0.611251564950388,1011.2923498740045,0,151.762,152.826,0.06466053778473184,0.9813012535286475
37,short,2018-01-09,03:00:00,152.893,2018-01-09,21:00:00,152.441,5056.461749370028,closed,13.871061892743402,0.27432348112732313,1025.163411766748,100000,152.993,151.973,0.06614379663385542,1.0112923498740056
38,short,2018-01-10,03:00:00,151.847,2018-01-10,22:00:00,150.492,5125.817058833745,closed,44.647325874173376,0.8710284694462308,1069.8107376409214,100000,152.072,150.38,0.0675129183827635,1.0251634117667492
39,long,2018-01-16,03:00:00,152.902,2018-01-16,09:00:00,152.662,5349.053688204613,closed,-9.535828137971938,-0.17827131103581423,1060.2749095029494,0,152.586,153.104,0.06996708595315448,1.0698107376409225
40,long,2018-01-17,03:00:00,152.563,2018-01-18,06:00:00,153.932,5301.374547514752,closed,46.44127531206234,0.8760232821850644,1106.7161848150117,0,152.4,154.278,0.06949751312591851,1.0602749095029504
41,long,2018-01-18,13:00:00,154.526,2018-01-18,15:00:00,154.079,5533.580924075063,closed,-17.18542031816292,-0.3105659888950744,1089.5307644968489,0,154.073,154.585,0.07162006295477864,1.1067161848150127
42,long,2018-01-26,03:00:00,155.214,2018-01-26,16:00:00,154.528,5447.653822484249,closed,-25.236745770032442,-0.4632589843699711,1064.2940187268164,0,154.528,155.853,0.07019539245795159,1.0895307644968497
43,short,2018-01-26,16:00:00,154.528,2018-01-29,06:00:00,153.744,5321.470093634089,closed,25.865386124818777,0.4860571546904067,1090.1594048516351,100000,154.528,153.431,0.06887386225970814,1.0642940187268177
44,short,2018-01-29,13:00:00,152.866,2018-01-29,17:00:00,153.325,5450.797024258181,closed,-17.528199441111393,-0.32157131082122564,1072.6312054105238,100000,153.451,152.863,0.07131470731566446,1.0901594048516363
45,short,2018-01-30,06:00:00,152.721,2018-01-30,12:00:00,152.956,5363.156027052623,closed,-9.39544194140225,-0.17518494509594962,1063.2357634691216,100000,153.222,152.034,0.07023468975520882,1.0726312054105247
46,long,2018-01-31,17:00:00,155.256,2018-02-01,06:00:00,155.134,5316.1788173456125,closed,-5.30916618387755,-0.09986808883393496,1057.926597285244,0,154.66,155.449,0.06848274871625717,1.0632357634691225
47,long,2018-02-01,10:00:00,156.09,2018-02-01,16:00:00,155.54,5289.632986426227,closed,-19.764297335368,-0.3736421295406569,1038.1622999498761,0,155.272,156.417,0.0677767055727622,1.0579265972852454
48,long,2018-02-02,08:00:00,156.594,2018-02-02,09:00:00,156.412,5190.8114997493885,closed,-7.137433765994714,-0.13750130911783848,1031.0248661838814,0,156.316,156.594,0.06629642897875256,1.0381622999498779
49,short,2018-02-07,09:00:00,152.173,2018-02-07,19:00:00,152.031,5155.124330919416,closed,3.711717974718886,0.07200055200330933,1034.7365841586002,100000,152.23,151.353,0.06775346915575582,1.0310248661838832
50,short,2018-02-07,20:00:00,151.634,2018-02-07,22:00:00,152.117,5173.682920793012,closed,-17.582715379050462,-0.33984911035783805,1017.1538687795497,100000,152.273,151.508,0.06823908781398648,1.0347365841586025
51,short,2018-02-08,01:00:00,151.51,2018-02-08,03:00:00,151.831,5085.769343897759,closed,-11.859365591299294,-0.23318724836644314,1005.2945031882505,100000,151.93,151.473,0.06713443791033939,1.0171538687795518
52,short,2018-02-08,19:00:00,151.083,2018-02-09,06:00:00,151.746,5026.472515941264,closed,-23.129585277802178,-0.46015541126401444,982.1649179104483,100000,152.087,150.883,0.06653922037477764,1.0052945031882528
53,short,2018-02-09,13:00:00,150.91,2018-02-12,20:00:00,150.361,4910.824589552253,closed,16.81798782534788,0.34246769597773946,998.9829057357962,100000,150.992,148.943,0.06508282538668417,0.9821649179104507
54,short,2018-02-13,07:00:00,150.026,2018-02-13,21:00:00,149.464,4994.914528678992,closed,17.64546629680439,0.3532686334368788,1016.6283720326006,100000,150.067,149.036,0.06658731858049927,0.9989829057357984
55,short,2018-02-14,05:00:00,148.752,2018-02-14,10:00:00,149.252,5083.141860163014,closed,-18.17093361701642,-0.3574744541249865,998.4574384155842,100000,149.383,148.664,0.06834384559754508,1.0166283720326028
56,short,2018-02-14,13:00:00,148.717,2018-02-14,18:00:00,149.333,4992.287192077931,closed,-21.744125282065525,-0.435554375088245,976.7133131335187,100000,149.593,148.051,0.06713808363640916,0.9984574384155862
57,short,2018-02-15,05:00:00,149.361,2018-02-15,11:00:00,149.633,4883.566565667605,closed,-9.935526115625606,-0.2034481558104323,966.777787017893,100000,149.722,149.068,0.06539279417876961,0.9767133131335209
58,short,2018-02-19,15:00:00,149.024,2018-02-19,19:00:00,149.345,4833.888935089476,closed,-11.443923253747352,-0.2367436117672307,955.3338637641457,100000,149.431,148.903,0.0648739657382633,0.9667777870178953
59,short,2018-02-23,17:00:00,148.961,2018-02-26,07:00:00,149.332,4776.669318820739,closed,-12.916166940341535,-0.27040111170036507,942.4176968238041,100000,149.755,148.887,0.06413315322561931,0.9553338637641479
60,short,2018-03-01,22:00:00,146.295,2018-03-02,02:00:00,146.439,4712.088484119031,closed,-5.64500437908502,-0.11979835264363478,936.7726924447192,100000,146.457,146.15,0.06441899564741148,0.9424176968238063
61,short,2018-03-02,04:00:00,146.137,2018-03-02,05:00:00,146.164,4683.863462223606,closed,-1.8662569462916103,-0.03984439259050536,934.9064354984275,100000,146.201,146.113,0.06410236233429735,0.9367726924447213
62,short,2018-03-02,07:00:00,145.9,2018-03-02,19:00:00,145.413,4674.532177492147,closed,14.604148438275844,0.31241946538724796,949.5105839367034,100000,146.015,145.017,0.06407857679906986,0.9349064354984294
63,long,2018-03-06,14:00:00,147.874,2018-03-06,17:00:00,147.202,4747.552919683526,closed,-22.58854562638286,-0.47579344577139804,926.9220383103205,0,147.14,147.907,0.06421078647610164,0.9495105839367053
64,long,2018-03-07,16:00:00,147.05,2018-03-08,07:00:00,147.311,4634.610191551612,closed,7.236043208965078,0.15613056783406712,934.1580815192856,0,146.858,147.667,0.06303448067394235,0.9269220383103224
65,long,2018-03-09,02:00:00,147.195,2018-03-12,16:00:00,147.886,4670.790407596437,closed,20.929183681678897,0.44808655185298585,955.0872652009645,0,147.083,148.529,0.06346398189607579,0.9341580815192875
66,long,2018-03-12,17:00:00,148.042,2018-03-12,21:00:00,147.937,4775.43632600483,closed,-4.406619174270473,-0.09227678631738949,950.680646026694,0,147.901,148.124,0.0645146151228007,0.9550872652009661
67,short,2018-03-15,11:00:00,147.69,2018-03-15,16:00:00,148.225,4753.403230133479,closed,-18.23402775538862,-0.3835994312411109,932.4466182713054,100000,148.225,147.508,0.06437000785609695,0.9506806460266959
68,short,2018-03-16,03:00:00,147.623,2018-03-16,14:00:00,147.676,4662.2330913565365,closed,-2.6694579242642544,-0.0572570669882046,929.7771603470411,100000,147.849,147.265,0.06316404749065575,0.9324466182713074
69,long,2018-03-20,05:00:00,149.188,2018-03-20,07:00:00,149.118,4648.885801735214,closed,-3.1733877572107563,-0.06826125425636993,926.6037725898303,0,149.043,149.188,0.06232251657955351,0.9297771603470428
70,long,2018-03-20,09:00:00,149.583,2018-03-20,12:00:00,149.208,4633.018862949161,closed,-12.603385969308938,-0.27203398781947147,914.0003866205213,0,149.105,149.737,0.06194579414705095,0.9266037725898323
71,long,2018-03-21,11:00:00,149.46,2018-03-22,03:00:00,149.688,4570.001933102617,closed,5.996346441166851,0.13121102636155507,919.9967330616882,0,149.246,150.298,0.0611535117503361,0.9140003866205234
72,long,2018-03-28,04:00:00,149.752,2018-03-29,04:00:00,150.024,4599.98366530845,closed,7.373686086755353,0.16029809284683433,927.3704191484436,0,149.156,150.583,0.06143468755420228,0.9199967330616902
73,short,2018-03-30,03:00:00,148.958,2018-03-30,10:00:00,149.186,4636.852095742226,closed,-8.086945480714471,-0.17440593992938186,919.2834736677291,100000,149.268,148.873,0.06225717444839789,0.9273704191484453
74,long,2018-04-04,18:00:00,149.983,2018-04-05,08:00:00,150.36,4596.417368338654,closed,10.573062413046356,0.23002833654481472,929.8565360807755,0,149.928,150.666,0.061292511395806916,0.9192834736677309
75,long,2018-04-13,09:00:00,153.37,2018-04-13,17:00:00,153.194,4649.282680403887,closed,-6.325776971054807,-0.1360592032340198,923.5307591097207,0,153.14,153.845,0.060628319494084724,0.9298565360807775
76,long,2018-04-16,13:00:00,153.328,2018-04-17,02:00:00,153.524,4617.653795548613,closed,4.919008348792431,0.10652614003965222,928.4497674585132,0,153.302,153.76,0.06023236193713624,0.9235307591097226
77,short,2018-04-18,11:00:00,152.271,2018-04-19,02:00:00,152.482,4642.2488372925745,closed,-7.422128815625123,-0.15988218373821197,921.0276386428881,100000,152.681,152.088,0.06097351218935418,0.9284497674585149
78,short,2018-04-19,20:00:00,151.174,2018-04-20,06:00:00,151.528,4605.13819321445,closed,-11.765678152516143,-0.25549022980141095,909.261960490372,100000,151.702,151.14,0.06092500288693096,0.9210276386428902
79,short,2018-04-20,10:00:00,151.046,2018-04-20,11:00:00,151.381,4546.3098024518695,closed,-11.052571968211971,-0.24311084040623915,898.20938852216,100000,151.381,151.04,0.06019768550576473,0.9092619604903739
80,short,2018-04-20,19:00:00,150.928,2018-04-20,20:00:00,150.976,4491.04694261081,closed,-2.386020444989807,-0.053128379094668866,895.8233680771702,100000,151.012,150.827,0.05951244225870363,0.898209388522162
81,short,2018-04-20,21:00:00,150.879,2018-04-25,06:00:00,152.438,4479.116840385861,closed,-47.23694034156134,-1.0546038878836668,848.5864277356089,100000,152.562,150.723,0.059373628409332795,0.8958233680771722
82,long,2018-04-25,06:00:00,152.438,2018-04-26,06:00:00,152.442,4242.932138678054,closed,-0.7929187839890571,-0.018687991183288222,847.7935089516199,0,152.105,152.601,0.055667643746022046,0.8485864277356108
83,short,2018-05-01,11:00:00,149.957,2018-05-03,09:00:00,149.115,4238.9675447581085,closed,22.89723164890527,0.5401605793660746,870.6907406005251,100000,150.257,149.015,0.056535774185374595,0.8477935089516218
84,short,2018-05-03,13:00:00,148.669,2018-05-04,19:00:00,147.614,4353.453703002635,closed,29.964162182751377,0.6882848475472404,900.6549027832765,100000,148.726,147.139,0.05856572255147522,0.870690740600527
85,short,2018-05-07,22:00:00,147.873,2018-05-08,18:00:00,147.596,4503.274513916393,closed,7.474102431733156,0.16597039351334378,908.1290052150097,100000,148.067,147.071,0.06090732606921335,0.9006549027832785
86,long,2018-05-15,19:00:00,149.086,2018-05-16,02:00:00,148.909,4540.645026075058,closed,-6.359851230424154,-0.1400649289671873,901.7691539845855,0,148.797,149.161,0.060913097488363196,0.9081290052150116
87,short,2018-05-17,13:00:00,149.245,2018-05-18,03:00:00,149.864,4508.845769922937,closed,-19.662821270451754,-0.4360943415189787,882.1063327141337,100000,149.927,149.166,0.06042206800794581,0.9017691539845873
88,short,2018-05-22,04:00:00,148.791,2018-05-22,09:00:00,149.131,4410.531663570678,closed,-11.01982856686262,-0.2498526120531507,871.0865041472711,100000,149.144,148.785,0.059284925345896966,0.8821063327141355
89,short,2018-05-24,18:00:00,146.286,2018-05-24,20:00:00,146.443,4355.432520736365,closed,-5.605058113167471,-0.1286911939625191,865.4814460341036,100000,146.523,146.188,0.05954681269207396,0.8710865041472732
90,short,2018-05-25,10:00:00,145.971,2018-05-25,11:00:00,146.493,4327.407230170527,closed,-16.399809419462517,-0.37897541292447906,849.0816366146411,100000,146.493,145.886,0.059291328142857515,0.8654814460341055
91,short,2018-05-25,13:00:00,145.951,2018-05-31,08:00:00,144.882,4245.408183073214,closed,30.187708322611883,0.7110672760035824,879.269344937253,100000,146.241,143.249,0.058175801235664217,0.8490816366146429
92,long,2018-06-05,11:00:00,146.791,2018-06-05,18:00:00,146.47,4396.346724686273,closed,-10.553023131434092,-0.24004073819239463,868.7163218058189,0,146.395,146.97,0.05989940425075479,0.8792693449372546
93,long,2018-06-11,19:00:00,147.198,2018-06-12,09:00:00,147.295,4343.581609029102,closed,1.9345843538669318,0.044538920365752244,870.6509061596859,0,147.153,147.687,0.0590168563299651,0.8687163218058204
94,long,2018-06-12,10:00:00,147.788,2018-06-12,16:00:00,147.241,4353.254530798436,closed,-17.042036522098243,-0.39147806317156797,853.6088696375876,0,147.175,147.99,0.058912151606333875,0.8706509061596871
95,long,2018-06-12,19:00:00,147.7,2018-06-12,21:00:00,147.58,4268.044348187943,closed,-4.379007721897759,-0.10259986459036977,849.2298619156899,0,147.555,147.84,0.05779342380755509,0.8536088696375886
96,long,2018-06-13,05:00:00,147.817,2018-06-13,09:00:00,147.708,4246.149309578454,closed,-4.037784448757841,-0.09509285129586507,845.192077466932,0,147.669,147.901,0.05745143399715126,0.8492298619156909
97,long,2018-06-13,19:00:00,147.791,2018-06-14,15:00:00,146.904,4225.960387334664,closed,-26.265405651639366,-0.6215251266991904,818.9266718152926,0,146.904,147.933,0.057188332000387906,0.8451920774669328
98,short,2018-06-18,04:00:00,146.419,2018-06-18,20:00:00,146.394,4094.6333590764675,closed,-0.175727583863716,-0.004291656137519254,818.7509442314289,100000,146.685,146.131,0.05593035547403639,0.8189266718152935
99,short,2018-06-19,03:00:00,146.074,2018-06-19,19:00:00,144.841,4093.7547211571496,closed,33.68028421428047,0.8227235510768541,852.4312284457094,100000,146.115,144.4,0.05605042267832947,0.8187509442314299
100,short,2018-06-21,09:00:00,145.257,2018-06-21,14:00:00,146.094,4262.156142228552,closed,-25.470515061443148,-0.5975969488561578,826.9607133842662,100000,146.195,144.617,0.05868434763527475,0.8524312284457105
101,long,2018-06-21,14:00:00,146.094,2018-06-22,17:00:00,145.853,4134.803566921337,closed,-7.704431839931727,-0.18633126617108534,819.2562815443345,0,145.529,146.659,0.056604700630023645,0.8269607133842674
102,short,2018-06-22,17:00:00,145.853,2018-06-25,14:00:00,145.576,4096.281407721679,closed,6.9041185350417065,0.1685460017963396,826.1604000793761,100000,146.056,144.712,0.0561699986660772,0.8192562815443358
103,short,2018-06-27,18:00:00,144.982,2018-06-28,12:00:00,144.446,4130.802000396887,closed,14.388474990603212,0.3483215847484525,840.5488750699793,100000,145.174,144.205,0.05698365314862379,0.8261604000793774
104,short,2018-06-28,15:00:00,143.809,2018-06-28,16:00:00,144.37,4202.744375349903,closed,-17.29393554295603,-0.4114914921875592,823.2549395270233,100000,144.37,143.809,0.05844897572961224,0.8405488750699807
105,short,2018-07-03,17:00:00,145.779,2018-07-04,09:00:00,145.951,4116.274697635122,closed,-5.736389186493317,-0.13935875537628675,817.51855034053,100000,146.023,145.498,0.056472807436395114,0.8232549395270244
106,long,2018-07-05,09:00:00,146.456,2018-07-05,17:00:00,146.215,4087.592751702655,closed,-7.59965815994127,-0.18592013983721084,809.9188921805888,0,146.092,146.876,0.05582007909136745,0.817518550340531
107,short,2018-07-09,17:00:00,146.815,2018-07-10,03:00:00,147.19,4049.5944609029493,closed,-11.208700431944319,-0.27678575077478457,798.7101917486445,100000,147.19,146.255,0.055165949813070186,0.8099188921805899
108,long,2018-07-10,03:00:00,147.19,2018-07-11,14:00:00,147.271,3993.5509587432284,closed,1.3447134494000097,0.03367212446496968,800.0549051980446,0,146.83,147.783,0.0542638896493407,0.7987101917486458
109,long,2018-07-11,15:00:00,147.427,2018-07-12,19:00:00,148.66,4000.274525990228,closed,32.60181816753617,0.8149895202371372,832.6567233655808,0,147.348,148.897,0.054267868517845826,0.8000549051980457
110,long,2018-07-13,18:00:00,148.536,2018-07-16,16:00:00,148.997,4163.28361682791,closed,12.032555616565906,0.2890159961221607,844.6892789821467,0,148.518,149.319,0.05605757010863238,0.832656723365582
111,long,2018-07-17,06:00:00,148.846,2018-07-17,14:00:00,148.603,4223.4463949107385,closed,-7.796467403709112,-0.18459965333297165,836.8928115784375,0,148.501,149.092,0.05674920918144577,0.8446892789821477
112,short,2018-07-17,14:00:00,148.603,2018-07-18,07:00:00,148.074,4184.4640578921935,closed,14.002730604565047,0.3346361782736528,850.8955421830026,100000,148.634,147.643,0.05631735641800224,0.8368928115784388
113,short,2018-07-18,11:00:00,147.363,2018-07-18,20:00:00,147.327,4254.477710915018,closed,0.13070935301535969,0.0030722773016302347,851.026251536018,100000,147.402,146.889,0.057741464423430824,0.8508955421830037
114,short,2018-07-19,11:00:00,146.942,2018-07-20,03:00:00,146.506,4255.131257680096,closed,11.716700918593633,0.27535462971785263,862.7429524546117,100000,147.034,146.2,0.05791579341073479,0.8510262515360192
115,short,2018-07-23,02:00:00,146.004,2018-07-23,13:00:00,146.0,4313.7147622730645,closed,-0.8036525883241377,-0.01863017451577308,861.9392998662876,100000,146.04,145.699,0.05909036413075073,0.862742952454613
116,short,2018-08-03,16:00:00,144.622,2018-08-06,02:00:00,144.638,4309.696499331444,closed,-1.3983344333033023,-0.032446239161393935,860.5409654329843,100000,144.892,144.574,0.05959945927080865,0.8619392998662888
117,short,2018-08-06,11:00:00,144.187,2018-08-06,18:00:00,144.262,4302.704827164927,closed,-3.1583089451513406,-0.07340287265841486,857.382656487833,100000,144.322,144.069,0.05968228518749855,0.8605409654329855
118,short,2018-08-07,16:00:00,143.882,2018-08-07,18:00:00,144.074,4286.913282439171,closed,-6.63754401644412,-0.15483271013747882,850.7451124713888,100000,144.096,143.882,0.05958929237068112,0.8573826564878342
119,short,2018-08-08,09:00:00,143.738,2018-08-08,22:00:00,143.027,4253.725562356949,closed,20.131120669097374,0.47325856767174496,870.8762331404862,100000,143.738,142.765,0.059187209538979935,0.8507451124713898
120,short,2018-08-09,19:00:00,142.632,2018-08-10,22:00:00,141.47,4354.381165702436,closed,34.54251032958634,0.7932817320096516,905.4187434700725,100000,142.683,141.036,0.06105756303918386,0.8708762331404872
121,short,2018-08-13,04:00:00,140.497,2018-08-13,11:00:00,140.827,4527.09371735037,closed,-11.603121286301954,-0.2563039780208717,893.8156221837705,100000,140.919,140.252,0.0644439912218819,0.905418743470074
122,long,2018-08-17,21:00:00,140.992,2018-08-20,18:00:00,140.905,4469.078110918861,closed,-3.714883142835511,-0.08312414888787244,890.100739040935,0,140.736,141.206,0.06339477574499067,0.8938156221837723
123,long,2018-08-22,21:00:00,142.788,2018-08-24,19:00:00,142.907,4450.503695204684,closed,2.7566268034622636,0.06193965879485655,892.8573658443972,0,142.446,143.236,0.06233722294877278,0.8901007390409368
124,long,2018-08-28,15:00:00,143.616,2018-08-28,17:00:00,143.174,4464.286829221994,closed,-14.69454625966262,-0.32915775401070024,878.1628195847346,0,143.082,143.65,0.062169769791972945,0.8928573658443988
125,short,2018-09-05,09:00:00,143.004,2018-09-05,16:00:00,144.887,4390.8140979236805,closed,-58.75545698328772,-1.3381449469944966,819.407362601447,100000,144.956,142.715,0.061408269669711066,0.8781628195847362
126,long,2018-09-05,16:00:00,144.887,2018-09-06,03:00:00,143.796,4097.036813007242,closed,-31.7266746579209,-0.774381000365808,787.6806879435261,0,143.705,144.925,0.05655492643242309,0.8194073626014484
127,long,2018-09-10,11:00:00,143.754,2018-09-11,12:00:00,145.21,3938.403439717638,closed,39.04730547835107,0.9914501161706925,826.7279934218772,0,143.568,145.873,0.054793653598753954,0.7876806879435276
128,long,2018-09-12,19:00:00,145.37,2018-09-14,05:00:00,146.7,4133.639967109393,closed,36.93535411651283,0.8935309898878615,863.66334753839,0,145.035,147.025,0.056870605587251745,0.8267279934218786
129,long,2018-09-17,11:00:00,146.725,2018-09-18,01:00:00,146.873,4318.316737691957,closed,3.4333156519709567,0.07950587834383789,867.0966631903609,0,146.555,147.445,0.05886272602067756,0.8636633475383915
130,long,2018-09-18,08:00:00,147.39,2018-09-18,10:00:00,147.086,4335.483315951813,closed,-9.868100087311,-0.227612456747387,857.22856310305,0,147.008,147.782,0.058830087739355635,0.8670966631903626
131,long,2018-09-18,15:00:00,147.553,2018-09-19,03:00:00,147.617,4286.142815515257,closed,0.9437572153082024,0.02201880002439324,858.1723203183582,0,147.417,148.012,0.0580963154326277,0.8572285631030515
132,long,2018-09-19,11:00:00,148.288,2018-09-19,14:00:00,147.596,4290.861601591798,closed,-20.93975647753094,-0.48800820025896047,837.2325638408272,0,147.234,148.315,0.057872000453061574,0.8581723203183595
133,long,2018-09-20,10:00:00,147.868,2018-09-21,04:00:00,149.27,4186.162819204144,closed,38.79695432504565,0.9267903806097433,876.0295181658728,0,147.868,149.407,0.05662026698412293,0.8372325638408289
134,long,2018-09-21,06:00:00,149.651,2018-09-21,07:00:00,149.613,4380.147590829372,closed,-2.046792851743483,-0.046728855804512436,873.9827253141293,0,149.537,149.686,0.05853816667886445,0.8760295181658745
135,long,2018-09-25,10:00:00,148.427,2018-09-26,03:00:00,148.784,4369.913626570653,closed,9.577750028380136,0.2191748132078391,883.5604753425094,0,148.212,149.016,0.05888300142926359,0.8739827253141307
136,long,2018-09-26,18:00:00,148.864,2018-09-26,19:00:00,148.82,4417.802376712554,closed,-2.2486917987573505,-0.05090068787618977,881.3117835437521,0,148.773,148.864,0.05935353580063083,0.8835604753425109
137,long,2018-09-26,20:00:00,148.97,2018-09-26,21:00:00,148.775,4406.5589177187685,closed,-6.708606586460901,-0.15224139088406605,874.6031769572912,0,148.692,149.052,0.05916035332911014,0.8813117835437537
138,long,2018-09-27,15:00:00,148.33,2018-10-01,18:00:00,148.503,4373.015884786464,closed,4.166762132139781,0.09528348951660041,878.769939089431,0,147.581,149.179,0.05896333694851296,0.8746031769572928
139,long,2018-10-04,12:00:00,148.415,2018-10-04,18:00:00,148.08,4393.849695447163,closed,-10.855708573092762,-0.2470659973722195,867.9142305163382,0,148.07,148.613,0.05921031830269398,0.8787699390894327
140,short,2018-10-09,12:00:00,147.535,2018-10-09,16:00:00,147.798,4339.5711525817005,closed,-8.662582312220163,-0.19961839563493766,859.251648204118,100000,148.118,147.378,0.05882768363549939,0.8679142305163401
141,long,2018-10-11,14:00:00,148.584,2018-10-11,21:00:00,148.164,4296.258241020598,closed,-13.061244983359726,-0.3040144295482797,846.1904032207583,0,147.829,148.787,0.05782935229931349,0.8592516482041196
142,short,2018-10-11,21:00:00,148.164,2018-10-11,22:00:00,148.247,4230.9520161038,closed,-3.2734394068176966,-0.07736886153183421,842.9169638139406,100000,148.426,148.067,0.05711174126108637,0.84619040322076
143,short,2018-10-18,05:00:00,147.388,2018-10-18,10:00:00,147.708,4214.5848190697125,closed,-10.050561492136591,-0.2384709745705167,832.866402321804,100000,147.708,147.102,0.057190338685235056,0.8429169638139425
144,short,2018-10-18,17:00:00,147.095,2018-10-19,05:00:00,146.399,4164.332011609029,closed,18.814615946205727,0.4518039362316856,851.6810182680098,100000,147.1,145.846,0.05662098659518038,0.8328664023218059
145,short,2018-10-23,17:00:00,145.446,2018-10-23,19:00:00,145.835,4258.405091340057,closed,-12.299478762544272,-0.2888282936622596,839.3815395054655,100000,145.872,145.4,0.05855651020090009,0.8516810182680115
146,short,2018-10-24,11:00:00,145.498,2018-10-25,07:00:00,144.478,4196.907697527336,closed,28.52495361343651,0.6796659747900191,867.9064931189021,100000,145.655,144.127,0.057690245880044205,0.8393815395054671
147,short,2018-10-25,20:00:00,144.35,2018-10-25,21:00:00,144.419,4339.532465594519,closed,-3.0023492022098903,-0.06918600623485753,864.9041439166922,100000,144.419,144.325,0.06012514673494311,0.8679064931189038
148,short,2018-10-25,22:00:00,144.252,2018-10-26,19:00:00,143.657,4324.520719583468,closed,16.912601795085827,0.39108615478468156,881.816745711778,100000,144.274,142.803,0.059957861514342514,0.8649041439166937
149,short,2018-10-29,21:00:00,143.889,2018-10-30,03:00:00,144.23,4409.083728558897,closed,-11.392110923137517,-0.25837819430253856,870.4246347886406,100000,144.23,143.768,0.061284514154089566,0.8818167457117794
150,long,2018-10-30,03:00:00,144.23,2018-10-30,11:00:00,144.005,4352.12317394321,closed,-7.720122759208554,-0.1773875060666951,862.704512029432,0,143.843,144.385,0.060349763210749634,0.870424634788642
151,short,2018-10-30,11:00:00,144.005,2018-10-31,02:00:00,143.89,4313.522560147167,closed,2.5220949692154475,0.05846949758689566,865.2266069986474,100000,144.18,143.241,0.05990795542025856,0.8627045120294333
152,long,2018-11-01,02:00:00,144.866,2018-11-02,01:00:00,146.597,4326.133034993243,closed,50.76789653786139,1.1735167672193576,915.9945035365088,0,144.827,146.835,0.0597259955406133,0.8652266069986487
153,long,2018-11-05,12:00:00,147.492,2018-11-05,14:00:00,147.076,4579.97251768255,closed,-13.895874852242144,-0.30340520163805285,902.0986286842666,0,146.874,147.512,0.06210469066366379,0.9159945035365099
154,long,2018-11-05,20:00:00,147.653,2018-11-06,07:00:00,147.948,4510.493143421338,closed,8.048444137277304,0.17843823017481253,910.1470728215439,0,147.603,147.979,0.06109585505775485,0.9020986286842676
155,long,2018-11-06,08:00:00,148.109,2018-11-06,11:00:00,147.814,4550.735364107724,closed,-10.035645206898923,-0.22052798952124172,900.111427614645,0,147.796,148.27,0.06145116588603966,0.910147072821545
156,long,2018-11-06,18:00:00,148.269,2018-11-07,06:00:00,148.625,4500.557138073229,closed,9.84520436245542,0.21875523541670513,909.9566319771004,0,148.269,148.9,0.0607079988139561,0.9001114276146458
157,long,2018-11-07,22:00:00,149.14,2018-11-09,18:00:00,147.648,4549.7831598855055,closed,-46.487105893536054,-1.021743328416247,863.4695260835643,0,147.608,149.48,0.06101358669552777,0.9099566319771012
158,short,2018-11-09,18:00:00,147.648,2018-11-12,05:00:00,147.508,4317.347630417826,closed,3.1717627357662463,0.07346553966188932,866.6412888193306,100000,147.749,147.193,0.05848162698333639,0.8634695260835652
159,short,2018-11-12,07:00:00,147.086,2018-11-12,15:00:00,147.049,4333.206444096657,closed,0.1644712952703139,0.0037956025726487447,866.805760114601,100000,147.188,146.136,0.058920719090826544,0.8666412888193314
160,short,2018-11-12,19:00:00,146.232,2018-11-12,21:00:00,146.372,4334.028800573007,closed,-5.075406406221002,-0.11710596859785465,861.73035370838,100000,146.381,146.153,0.05927606543811214,0.8668057601146015
161,short,2018-11-19,18:00:00,144.522,2018-11-21,02:00:00,144.3,4308.651768541902,closed,5.697156107032077,0.13222595867755776,867.4275098154121,100000,144.922,144.046,0.0596262405521914,0.8617303537083805
162,long,2018-12-04,11:00:00,144.439,2018-12-04,16:00:00,143.873,4337.137549077062,closed,-17.9230297216542,-0.4132455915646069,849.5044800937579,0,143.814,144.687,0.060054937365629266,0.8674275098154125
163,short,2018-12-04,16:00:00,143.873,2018-12-05,05:00:00,143.461,4247.5224004687925,closed,11.254811021717634,0.2649735530641453,860.7592911154755,100000,144.123,142.902,0.0590454414722539,0.8495044800937586
164,short,2018-12-10,13:00:00,142.599,2018-12-12,04:00:00,141.893,4303.796455577381,closed,20.386743880200093,0.47369210162763353,881.1460349956757,100000,142.919,141.222,0.060362224918511086,0.8607592911154761
165,long,2018-12-13,10:00:00,143.813,2018-12-13,16:00:00,143.446,4405.73017497838,closed,-12.185509580481686,-0.276583201796771,868.960525415194,0,143.426,143.889,0.06127026311916698,0.881146034995676
166,short,2018-12-20,15:00:00,141.455,2018-12-21,03:00:00,140.873,4344.802627075971,closed,16.945789916097365,0.3900243893817978,885.9063153312914,100000,141.502,140.608,0.06143017393624786,0.8689605254151942
167,short,2018-12-21,16:00:00,140.423,2018-12-21,17:00:00,140.906,4429.531576656459,closed,-16.184844627989477,-0.3653850152752783,869.7214707033019,100000,141.104,140.386,0.06308840541302292,0.8859063153312918
168,short,2018-12-24,14:00:00,140.433,2018-12-24,18:00:00,140.591,4348.607353516511,closed,-5.82423484407501,-0.13393333475751104,863.8972358592268,100000,140.676,140.334,0.06193141716714035,0.8697214707033022
169,short,2018-12-24,19:00:00,140.35,2018-12-26,04:00:00,140.356,4319.4861792961365,closed,-1.1101094869056831,-0.02570003562522282,862.7871263723212,100000,140.581,139.751,0.06155306276161221,0.8638972358592273
170,short,2018-12-26,17:00:00,139.854,2018-12-26,20:00:00,140.287,4313.935631861609,closed,-14.280794475892309,-0.33103865459693155,848.5063318964288,100000,140.331,139.772,0.06169198781388604,0.8627871263723219
171,long,2018-12-27,22:00:00,140.495,2018-12-28,09:00:00,139.777,4242.531659482147,closed,-22.590367571280186,-0.5324737535143725,825.9159643251486,0,139.777,140.602,0.060394058998286725,0.8485063318964294
172,short,2018-12-31,18:00:00,139.994,2019-01-03,10:00:00,135.292,4129.579821625746,closed,137.81591984035933,3.337286740860321,963.731884165508,100000,140.015,132.279,0.05899652587433385,0.8259159643251492
173,long,2019-01-07,18:00:00,138.575,2019-01-08,03:00:00,138.591,4818.659420827542,closed,-0.47691079889269716,-0.009897167598759117,963.2549733666152,0,138.556,139.01,0.06954586932459018,0.9637318841655085
174,long,2019-01-09,03:00:00,138.582,2019-01-09,15:00:00,138.518,4816.274866833078,closed,-3.2570170868514055,-0.06762523271420022,959.9979562797638,0,138.474,139.099,0.06950794283287985,0.9632549733666156
175,long,2019-01-14,17:00:00,139.863,2019-01-15,11:00:00,139.704,4799.989781398822,closed,-6.485393198804028,-0.13511264594638456,953.5125630809598,0,139.127,140.433,0.0686384502176962,0.9599979562797644
176,long,2019-01-17,15:00:00,140.569,2019-01-18,07:00:00,141.915,4767.562815404801,closed,44.62982675002556,0.9361140792066557,998.1423898309854,0,140.414,142.209,0.06783235016831309,0.9535125630809602
177,long,2019-01-21,14:00:00,141.262,2019-01-22,04:00:00,141.195,4990.711949154929,closed,-3.435875994705095,-0.06884540782376525,994.7065138362804,0,140.909,141.521,0.07065894506880731,0.9981423898309859
178,long,2019-01-25,17:00:00,144.416,2019-01-28,02:00:00,144.34,4973.532569181405,closed,-3.680943083164588,-0.07401063594061144,991.0255707531157,0,144.187,144.844,0.0688778607520137,0.9947065138362811
179,short,2019-01-30,21:00:00,142.885,2019-01-31,05:00:00,142.998,4955.127853765582,closed,-4.979125813487061,-0.10048430556041539,986.0464449396287,100000,143.096,142.749,0.0693582650910254,0.9910255707531164
180,short,2019-01-31,07:00:00,142.753,2019-01-31,09:00:00,142.831,4930.232224698148,closed,-3.748990677115951,-0.07604085378240945,982.2974542625128,100000,143.013,142.711,0.0690736058044055,0.9860464449396296
181,long,2019-01-31,17:00:00,143.152,2019-02-01,05:00:00,142.539,4911.487271312567,closed,-22.082698928620026,-0.4496132781938077,960.2147553338928,0,142.392,143.186,0.06861919178652855,0.9822974542625135
182,long,2019-02-04,16:00:00,143.802,2019-02-04,19:00:00,143.371,4801.073776669466,closed,-15.416654480079014,-0.32110846858874226,944.7981008538137,0,143.354,144.165,0.06677339364778606,0.9602147553338931
183,short,2019-02-06,04:00:00,142.114,2019-02-06,06:00:00,142.226,4723.99050426907,closed,-4.734255279503695,-0.10021729034436773,940.06384557431,100000,142.309,142.114,0.06648170488859746,0.944798100853814
184,short,2019-02-06,09:00:00,141.873,2019-02-06,11:00:00,142.175,4700.319227871552,closed,-11.011726848915682,-0.23427614838624752,929.0521187253943,100000,142.274,141.812,0.06626094081145183,0.9400638455743106
185,short,2019-02-07,11:00:00,142.01,2019-02-07,16:00:00,142.444,4645.260593626974,closed,-15.190960567576525,-0.3270206323498328,913.8611581578177,100000,142.608,141.192,0.06542159838922575,0.9290521187253948
186,long,2019-02-07,16:00:00,142.444,2019-02-08,03:00:00,142.08,4569.3057907890925,closed,-12.65437616355431,-0.2769430793855662,901.2067819942635,0,142.047,142.522,0.0641558197016244,0.9138611581578185
187,long,2019-02-13,13:00:00,143.232,2019-02-13,17:00:00,142.819,4506.03390997132,closed,-13.956976949541648,-0.30973972296694235,887.2498050447218,0,142.704,143.232,0.06291937430143153,0.9012067819942641
188,short,2019-02-14,10:00:00,142.437,2019-02-15,07:00:00,141.235,4436.249025223613,closed,36.48716014650106,0.8224777269950911,923.7369651912229,100000,142.607,141.089,0.06229068325257641,0.8872498050447226
189,long,2019-02-18,12:00:00,143.01,2019-02-18,14:00:00,142.952,4618.6848259561175,closed,-2.8615111736894647,-0.061955108034398104,920.8754540175335,0,142.86,143.01,0.06459247361661588,0.9237369651912235
190,long,2019-02-19,10:00:00,143.2,2019-02-20,07:00:00,144.748,4604.377270087671,closed,48.78839311829775,1.0596089385474876,969.6638471358312,0,142.946,145.047,0.0643069451129563,0.9208754540175342
191,long,2019-02-21,11:00:00,144.658,2019-02-21,17:00:00,144.642,4848.31923567916,closed,-1.5729470823677714,-0.03244314175502989,968.0909000534634,0,144.31,144.871,0.06703147058135962,0.969663847135832
192,short,2019-02-21,17:00:00,144.642,2019-02-22,08:00:00,144.437,4840.454500267322,closed,5.825318092868297,0.12034651069536104,973.9162181463317,100000,144.642,144.251,0.06693013786130339,0.9680909000534644
193,long,2019-02-26,11:00:00,146.116,2019-02-26,16:00:00,146.025,4869.581090731663,closed,-4.07331013419991,-0.0836480604451314,969.8429080121318,0,145.818,146.712,0.06665363260329688,0.9739162181463326
194,long,2019-02-26,17:00:00,146.628,2019-02-28,01:00:00,147.651,4849.214540060664,closed,32.79620481412864,0.6763199388929977,1002.6391128262604,0,146.178,148.027,0.06614309054287947,0.9698429080121329
195,long,2019-02-28,16:00:00,147.965,2019-03-01,13:00:00,147.877,5013.195564131306,closed,-4.051925097834789,-0.08082519514749695,998.5871877284256,0,147.651,148.348,0.0677619107779719,1.0026391128262613
196,long,2019-03-04,02:00:00,148.225,2019-03-04,09:00:00,148.157,4992.935938642131,closed,-3.356526237854029,-0.06722550177094527,995.2306614905716,0,148.084,148.309,0.06736968714646155,0.9985871877284263
197,short,2019-03-05,15:00:00,146.803,2019-03-05,20:00:00,147.317,4976.153307452862,closed,-18.485984301714044,-0.3714914545343147,976.7446771888575,100000,147.408,146.697,0.06779361876055479,0.9952306614905724
198,long,2019-03-05,20:00:00,147.317,2019-03-06,03:00:00,146.966,4883.723385944293,closed,-12.679089655964768,-0.2596193243142333,964.0655875328928,0,146.93,147.484,0.06630223784009032,0.9767446771888587
199,short,2019-03-06,03:00:00,146.966,2019-03-06,10:00:00,147.09,4820.32793766447,closed,-5.0967311029970155,-0.10573411537362057,958.9688564298957,100000,147.09,146.706,0.06559786532482981,0.964065587532894
200,long,2019-03-14,10:00:00,148.626,2019-03-14,11:00:00,148.114,4794.844282149484,closed,-17.54119512252625,-0.3658345107854618,941.4276613073695,0,148.109,148.626,0.06452228119103634,0.9589688564298968
201,long,2019-03-15,18:00:00,148.243,2019-03-18,07:00:00,148.185,4707.138306536852,closed,-2.8465988895756658,-0.060474086466135155,938.5810624177938,0,148.014,148.382,0.06350570760895087,0.9414276613073704
202,short,2019-03-21,09:00:00,145.472,2019-03-21,15:00:00,145.711,4692.905312088974,closed,-8.71320559644127,-0.1856676198856167,929.8678568213525,100000,145.745,144.896,0.06451970567654221,0.9385810624177948
203,short,2019-03-21,17:00:00,144.926,2019-03-22,12:00:00,145.274,4649.339284106768,closed,-12.158141247637564,-0.26150255992714433,917.7097155737149,100000,145.755,144.2,0.06416156223323308,0.9298678568213536
204,short,2019-03-22,13:00:00,145.026,2019-03-22,19:00:00,145.267,4588.54857786858,closed,-8.606105619908098,-0.18755616234329392,909.1036099538068,100000,145.404,144.839,0.06327897863650075,0.917709715573716
205,short,2019-03-25,03:00:00,144.888,2019-03-25,07:00:00,145.129,4545.518049769039,closed,-8.53265342839157,-0.18771575285736947,900.5709565254152,100000,145.268,144.808,0.06274526599537628,0.9091036099538078
206,short,2019-03-25,08:00:00,144.861,2019-03-25,09:00:00,145.136,4502.854782627081,closed,-9.510830272612747,-0.2112177880865144,891.0601262528024,100000,145.143,144.816,0.062167937300268275,0.9005709565254162
207,short,2019-03-29,11:00:00,144.286,2019-03-29,12:00:00,144.854,4455.300631264017,closed,-18.49166836142838,-0.415048722675805,872.568457891374,100000,144.998,144.228,0.06175652012342178,0.8910601262528035
208,short,2019-03-29,17:00:00,144.212,2019-04-02,20:00:00,146.0,4362.842289456876,closed,-55.025396919655,-1.2612281918287043,817.543060971719,100000,146.323,143.894,0.060505953588562346,0.8725684578913752
209,long,2019-04-02,20:00:00,146.0,2019-04-03,16:00:00,146.322,4087.7153048586,closed,8.141832949677342,0.19917808219178265,825.6848939213963,0,145.993,147.182,0.05599610006655617,0.81754306097172
210,short,2019-04-05,15:00:00,145.675,2019-04-08,18:00:00,145.44,4128.424469606987,closed,5.777527060212697,0.13994508323323399,831.4624209816091,100000,145.758,145.118,0.056679930936770026,0.8256848939213975
211,long,2019-04-11,03:00:00,145.476,2019-04-11,11:00:00,145.331,4157.312104908051,closed,-5.032326339576609,-0.1210475954796738,826.4300946420325,0,145.206,145.624,0.057154611137342944,0.8314624209816103
212,long,2019-04-11,13:00:00,145.53,2019-04-11,14:00:00,145.423,4132.150473210168,closed,-3.9213548632801527,-0.0948986463272173,822.5087397787523,0,145.404,145.553,0.05678761043372731,0.8264300946420335
213,long,2019-04-11,15:00:00,145.597,2019-04-12,02:00:00,145.761,4112.543698893767,closed,3.7533553180022303,0.09126602883300292,826.2620950967546,0,145.559,145.935,0.056492148861498066,0.8225087397787535
214,long,2019-04-12,03:00:00,145.983,2019-04-12,21:00:00,146.575,4131.310475483779,closed,15.870703856660406,0.38415664837685526,842.132798953415,0,145.929,146.977,0.05659988458222914,0.8262620950967557
215,long,2019-04-15,15:00:00,146.914,2019-04-15,20:00:00,146.719,4210.663994767081,closed,-6.488298630454064,-0.1540920538546314,835.6445003229609,0,146.704,146.983,0.057321480522851215,0.8421327989534162
216,short,2019-04-17,18:00:00,145.939,2019-04-17,20:00:00,146.034,4178.2225016148095,closed,-3.612747143596054,-0.0864661262582304,832.0317531793648,100000,146.131,145.877,0.05725984831490979,0.8356445003229619
217,short,2019-04-22,11:00:00,145.401,2019-04-24,04:00:00,144.754,4160.158765896829,closed,17.622465836270067,0.4236008005447141,849.6542190156349,100000,145.605,144.6,0.05722324833937634,0.8320317531793658
218,short,2019-04-24,06:00:00,144.607,2019-04-24,07:00:00,144.685,4248.27109507818,closed,-3.1998978974424546,-0.07532235645577527,846.4543211181924,100000,144.699,144.602,0.0587560919606683,0.8496542190156361
219,short,2019-04-24,09:00:00,144.513,2019-04-24,11:00:00,144.645,4232.271605590968,closed,-4.7708375610288645,-0.11272522195235377,841.6834835571635,100000,144.655,144.422,0.05857288417776903,0.8464543211181936
220,short,2019-04-25,05:00:00,144.65,2019-04-29,06:00:00,144.385,4208.417417785824,closed,6.809984548781127,0.16181818181819205,848.4934681059447,100000,144.65,143.787,0.05818758959952747,0.8416834835571648
221,short,2019-04-29,16:00:00,144.49,2019-04-29,19:00:00,144.653,4242.467340529729,closed,-5.6931686095505505,-0.1341947539621998,842.8002994963941,100000,144.653,144.406,0.058723335047819625,0.8484934681059458
222,long,2019-05-02,10:00:00,145.842,2019-05-02,11:00:00,145.615,4214.001497481977,closed,-7.45959342440821,-0.17701923999945407,835.3407060719859,0,145.611,145.842,0.05778858624377033,0.8428002994963955
223,short,2019-05-03,09:00:00,145.175,2019-05-03,16:00:00,145.219,4176.703530359937,closed,-2.1587666567968706,-0.05168589633200119,833.181939415189,100000,145.265,144.822,0.05754025872719045,0.8353407060719874
224,short,2019-05-08,06:00:00,143.716,2019-05-08,08:00:00,143.871,4165.909697075951,closed,-5.384156239012514,-0.12924322970302618,827.7977831761765,100000,143.884,143.702,0.05797419489932855,0.8331819394151903
225,short,2019-05-08,12:00:00,143.302,2019-05-08,18:00:00,143.316,4138.988915880889,closed,-1.2899254761193024,-0.031165231469211876,826.5078577000572,100000,143.427,143.061,0.05776596161785445,0.8277977831761779
226,short,2019-05-09,10:00:00,142.565,2019-05-09,18:00:00,142.573,4132.539288500293,closed,-1.1163783931403373,-0.02701434433417022,825.3914793069168,100000,142.753,142.292,0.05797410708799906,0.8265078577000586
227,short,2019-05-13,14:00:00,142.661,2019-05-14,03:00:00,141.889,4126.957396534592,closed,21.449492303448004,0.5197410644815271,846.8409716103648,100000,142.67,141.219,0.057856840994169274,0.8253914793069184
228,short,2019-05-14,16:00:00,141.502,2019-05-15,02:00:00,141.562,4234.204858051833,closed,-2.702084722223243,-0.06381563511469963,844.1388868881415,100000,141.785,141.406,0.05984657260041318,0.8468409716103666
229,short,2019-05-15,12:00:00,141.087,2019-05-17,20:00:00,140.056,4220.694434440716,closed,29.938956458816293,0.7093372174615504,874.0778433469578,100000,141.242,139.576,0.05983108910729856,0.8441388868881432
230,short,2019-05-20,13:00:00,140.045,2019-05-21,14:00:00,140.278,4370.389216734798,closed,-8.207731068615233,-0.18780320611232396,865.8701122783426,100000,140.368,139.669,0.06241407000228209,0.8740778433469596
231,short,2019-05-27,12:00:00,138.944,2019-05-28,03:00:00,138.959,4329.3505613917205,closed,-1.3955724351114513,-0.03223514509443717,864.4745398432311,100000,139.012,138.703,0.06231792033325254,0.8658701122783441
232,short,2019-05-28,04:00:00,138.792,2019-05-28,08:00:00,138.86,4322.372699216165,closed,-3.0444711458809266,-0.07043518358407692,861.4300686973502,100000,138.914,138.647,0.062285617315351954,0.864474539843233
233,short,2019-05-28,10:00:00,138.579,2019-05-28,16:00:00,138.881,4307.15034348676,closed,-10.3100023950956,-0.23936945713274918,851.1200663022546,100000,138.959,138.31,0.062161660042095265,0.8614300686973521
234,short,2019-05-28,22:00:00,138.379,2019-05-29,14:00:00,138.2,4255.600331511282,closed,4.592200514692733,0.10790958165617763,855.7122668169474,100000,138.496,137.893,0.06150644724288053,0.8511200663022565
235,short,2019-05-29,18:00:00,137.978,2019-05-29,20:00:00,138.358,4278.561334084745,closed,-12.701154508481222,-0.29685573062371934,843.0111123084662,100000,138.375,137.973,0.06201802220766709,0.855712266816949
236,short,2019-06-04,04:00:00,136.616,2019-06-04,05:00:00,136.799,4215.05556154234,closed,-6.550873140806609,-0.155416056684424,836.4602391676596,100000,136.799,136.601,0.06170661652430666,0.843011112308468
237,long,2019-06-05,11:00:00,137.637,2019-06-05,15:00:00,137.473,4182.301195838307,closed,-5.880612600154211,-0.1406071041943571,830.5796265675053,0,137.401,137.764,0.060772920011890795,0.8364602391676614
238,long,2019-06-06,14:00:00,137.667,2019-06-07,15:00:00,137.622,4152.898132837536,closed,-2.2483937159521252,-0.05414035317104861,828.3312328515532,0,137.39,138.168,0.0603325144419147,0.8305796265675072
239,long,2019-06-12,15:00:00,138.095,2019-06-12,18:00:00,137.606,4141.656164257774,closed,-15.55408652196836,-0.3755523371592051,812.7771463295849,0,137.575,138.246,0.05998270993530214,0.828331232851555
240,short,2019-06-12,18:00:00,137.606,2019-06-13,14:00:00,137.557,4063.8857316479334,closed,0.5752628329407916,0.014155487406077204,813.3524091625256,100000,137.752,137.143,0.05906553103277377,0.8127771463295868
241,short,2019-06-14,02:00:00,137.355,2019-06-17,01:00:00,136.684,4066.7620458126385,closed,18.994181416680174,0.46705908048486944,832.3465905792058,100000,137.415,136.547,0.0592153477603675,0.8133524091625277
242,short,2019-06-17,18:00:00,136.439,2019-06-18,13:00:00,135.756,4161.732952896038,closed,19.939867665771047,0.4791241507193639,852.2864582449769,100000,136.464,135.562,0.06100503452672679,0.8323465905792077
243,short,2019-06-19,08:00:00,136.094,2019-06-19,12:00:00,136.337,4261.432291224894,closed,-8.523829004941216,-0.2000226314165173,843.7626292400356,100000,136.45,135.819,0.06262483711588893,0.8522864582449787
244,long,2019-06-19,12:00:00,136.337,2019-06-20,15:00:00,136.579,4218.813146200189,closed,6.582799163142986,0.15603438538329192,850.3454284031786,0,136.292,137.169,0.06188801493652039,0.8437626292400379
245,short,2019-06-20,15:00:00,136.579,2019-06-21,10:00:00,136.478,4251.727142015905,closed,2.231541150496728,0.052485521200183835,852.5769695536753,100000,136.725,136.001,0.06226033492727147,0.8503454284031811
246,long,2019-06-21,10:00:00,136.478,2019-06-21,12:00:00,136.132,4262.88484776839,closed,-11.722342990622385,-0.2749861516141822,840.854626563053,0,136.132,136.478,0.06246991966131375,0.852576969553678
247,short,2019-06-21,12:00:00,136.132,2019-06-21,13:00:00,136.2,4204.273132815277,closed,-3.0027204574992097,-0.07142067992829286,837.8519061055538,100000,136.234,136.054,0.061767595169618855,0.8408546265630554
248,short,2019-06-21,14:00:00,136.096,2019-06-21,16:00:00,136.391,4189.259530527779,closed,-9.980002157154065,-0.23822830942862938,827.8719039483997,100000,136.391,135.996,0.06156330135386461,0.8378519061055558
249,long,2019-06-21,16:00:00,136.391,2019-06-24,10:00:00,136.72,4139.359519742009,closed,9.096320769729985,0.21975188978745497,836.9682247181297,0,136.303,137.137,0.060698426138704305,0.8278719039484018
250,long,2019-06-25,11:00:00,136.653,2019-06-25,13:00:00,136.448,4184.841123590659,closed,-7.176105401239686,-0.17147856249038376,829.79211931689,0,136.407,136.732,0.061247702188618754,0.8369682247181318
251,short,2019-07-05,12:00:00,135.572,2019-07-05,15:00:00,135.796,4148.960596584461,closed,-7.746154604402639,-0.18670108872037702,822.0459647124874,100000,135.85,135.503,0.06120674765562891,0.8297921193168922
252,long,2019-07-05,15:00:00,135.796,2019-07-05,17:00:00,135.632,4110.229823562448,closed,-5.846480783936281,-0.14224218680961684,816.1994839285511,0,135.524,135.838,0.060535359267761164,0.8220459647124896
253,long,2019-07-05,18:00:00,135.754,2019-07-08,05:00:00,135.746,4080.997419642765,closed,-1.1168165868968014,-0.027366265450728056,815.0826673416543,0,135.737,136.049,0.06012342059376174,0.8161994839285531
254,long,2019-07-08,13:00:00,135.929,2019-07-09,07:00:00,136.053,4075.413336708282,closed,2.8427124100766346,0.0697527385620399,817.9253797517309,0,135.836,136.271,0.059963853728171056,0.8150826673416564
255,short,2019-07-10,18:00:00,135.62,2019-07-11,11:00:00,135.459,4089.6268987586654,closed,3.976726418674999,0.09723934522931822,821.9021061704059,100000,135.729,135.095,0.06031008551480114,0.8179253797517332
256,short,2019-07-16,11:00:00,134.697,2019-07-16,21:00:00,134.407,4109.51053085204,closed,7.964774901375081,0.19381322523886355,829.866881071781,100000,134.697,134.006,0.06101859033017869,0.8219021061704079
257,short,2019-07-18,01:00:00,134.236,2019-07-18,10:00:00,134.345,4149.334405358915,closed,-4.26095927800611,-0.1026901874310981,825.6059217937749,100000,134.375,133.877,0.06182148462944241,0.8298668810717831
258,long,2019-07-18,10:00:00,134.345,2019-07-19,09:00:00,134.808,4128.029608968886,closed,13.339578117319189,0.3231463768655282,838.9454999110941,0,134.3,134.99,0.06145416069029568,0.8256059217937773
259,long,2019-07-22,03:00:00,134.958,2019-07-22,10:00:00,134.622,4194.727499555482,closed,-11.344568692679863,-0.2704482876153947,827.6009312184142,0,134.59,135.085,0.06216345084478848,0.8389454999110963
260,short,2019-07-22,10:00:00,134.622,2019-07-23,01:00:00,134.626,4138.004656092082,closed,-1.0120286468704933,-0.024456923831164795,826.5889025715437,100000,134.784,134.42,0.061475905217454524,0.8276009312184164
261,short,2019-07-30,04:00:00,132.413,2019-07-30,12:00:00,132.354,4132.94451285773,closed,0.9525252118498493,0.023047132834387474,827.5414277833936,100000,132.536,131.661,0.062425056646367494,0.826588902571546
262,short,2019-08-05,05:00:00,128.767,2019-08-05,13:00:00,129.095,4137.707138916978,closed,-11.431526578036296,-0.2762768411161268,816.1099012053573,100000,129.121,128.188,0.06426657666819881,0.8275414277833956
263,short,2019-08-06,01:00:00,128.47,2019-08-06,03:00:00,128.684,4080.549506026796,closed,-7.6768454293580985,-0.18813263796995303,808.4330557759993,100000,128.742,128.291,0.06352532896437761,0.8161099012053592
264,short,2019-08-09,09:00:00,128.468,2019-08-12,06:00:00,126.928,4042.1652788800043,closed,47.58377511215232,1.177185291278756,856.0168308881516,100000,128.603,126.577,0.06292874924308006,0.8084330557760009
265,short,2019-08-13,09:00:00,126.93,2019-08-13,15:00:00,127.175,4280.084154440765,closed,-9.18486569362216,-0.21459544630898159,846.8319651945294,100000,127.274,126.82,0.06744007176303105,0.8560168308881531
266,long,2019-08-16,09:00:00,128.684,2019-08-16,21:00:00,129.177,4234.159825972654,closed,15.308808786977865,0.36155481644959364,862.1407739815073,0,128.611,129.549,0.06580709064021409,0.8468319651945309
267,long,2019-08-19,22:00:00,129.372,2019-08-21,10:00:00,129.289,4310.703869907543,closed,-3.6943597158101635,-0.08570200661659928,858.4464142656972,0,128.32,129.666,0.06664044569006497,0.8621407739815086
268,short,2019-08-27,03:00:00,129.286,2019-08-27,11:00:00,129.638,4292.232071328492,closed,-12.611073560672136,-0.2938115495877387,845.835340705025,100000,129.648,129.022,0.06639902342602434,0.8584464142656983
269,short,2019-08-29,04:00:00,129.234,2019-08-29,11:00:00,129.621,4229.176703525131,closed,-13.57584244155525,-0.3210043796524138,832.2594982634698,100000,129.717,129.01,0.06544990797352293,0.8458353407050263
270,short,2019-09-02,11:00:00,128.433,2019-09-03,14:00:00,127.594,4161.297491317355,closed,26.28698555738905,0.6317016654598107,858.5464838208588,100000,128.7,126.708,0.06480106345436694,0.832259498263471
271,long,2019-09-05,13:00:00,131.536,2019-09-05,22:00:00,131.946,4292.7324191043,closed,12.456704299193216,0.29018124315776406,871.0031881200521,0,131.507,132.172,0.06527083717163817,0.85854648382086
272,long,2019-09-09,11:00:00,131.749,2019-09-10,06:00:00,132.561,4355.015940600265,closed,25.903871094692466,0.5948054254681341,896.9070592147445,0,131.726,132.74,0.06611080069830155,0.8710031881200531
273,long,2019-09-10,22:00:00,132.784,2019-09-11,13:00:00,132.944,4484.535296073727,closed,4.439252242957456,0.09899023978792366,901.346311457702,0,132.774,133.373,0.06754632028066225,0.8969070592147455
274,long,2019-09-12,18:00:00,133.427,2019-09-16,01:00:00,134.731,4506.7315572885145,closed,43.075993264412666,0.9558144903205514,944.4223047221146,0,133.303,135.229,0.06755351701362565,0.9013463114577029
275,long,2019-09-18,22:00:00,135.394,2019-09-19,03:00:00,135.015,4722.111523610579,closed,-14.232488913993729,-0.30140094834336756,930.1898158081209,0,135.015,135.471,0.06975363049486062,0.9444223047221159
276,short,2019-09-23,10:00:00,133.592,2019-09-23,20:00:00,133.607,4650.949079040611,closed,-1.5220376386090901,-0.032725312892977386,928.6677781695118,100000,133.816,133.37,0.06962915562369917,0.9301898158081222
277,short,2019-09-24,20:00:00,133.649,2019-09-25,09:00:00,133.977,4643.3388908475645,closed,-12.393787861220716,-0.26691542772486365,916.2739903082911,100000,133.984,133.523,0.06948557626091575,0.928667778169513
278,short,2019-09-26,11:00:00,132.663,2019-09-26,16:00:00,132.925,4581.369951541463,closed,-10.033221950228903,-0.2190004748874972,906.2407683580622,100000,133.053,132.407,0.06906778757515604,0.9162739903082926
279,short,2019-09-27,07:00:00,132.754,2019-09-27,08:00:00,132.912,4531.203841790319,closed,-6.3674141769673795,-0.14052367536949206,899.8733541810948,100000,132.918,132.75,0.06826466760760985,0.9062407683580638
280,short,2019-09-27,10:00:00,132.436,2019-09-27,13:00:00,133.045,4499.366770905481,closed,-21.657923257705523,-0.48135491860217805,878.2154309233892,100000,133.072,132.41,0.06794779019157149,0.8998733541810962
281,short,2019-09-27,21:00:00,132.521,2019-09-30,11:00:00,133.029,4391.077154616953,closed,-17.777041646049213,-0.40484466612839465,860.4383892773401,100000,133.029,132.5,0.06626990672598233,0.8782154309233906
282,long,2019-09-30,11:00:00,133.029,2019-10-01,01:00:00,132.823,4302.191946386706,closed,-7.5872116856893035,-0.17635688458906618,852.8511775916508,0,132.712,133.312,0.0646805124655031,0.8604383892773413
283,long,2019-10-01,06:00:00,133.007,2019-10-01,15:00:00,132.599,4264.255887958259,closed,-13.997609829865233,-0.32825445277317394,838.8535677617855,0,132.535,133.365,0.06412077391352725,0.8528511775916519
284,short,2019-10-01,15:00:00,132.599,2019-10-02,03:00:00,132.435,4194.2678388089325,closed,4.285403703311101,0.10217286706535292,843.1389714650966,100000,132.878,131.809,0.06326243544534925,0.8388535677617865
285,long,2019-10-02,03:00:00,132.435,2019-10-02,09:00:00,132.122,4215.694857325489,closed,-10.870275906999353,-0.25785253143050413,832.2686955580972,0,132.102,132.557,0.06366436149545798,0.8431389714650978
286,short,2019-10-08,10:00:00,131.67,2019-10-10,05:00:00,131.461,4161.343477790492,closed,5.709829731589521,0.13721120984276966,837.9785252896867,100000,131.7,130.461,0.06320868045554026,0.8322686955580985
287,long,2019-10-10,05:00:00,131.461,2019-10-11,06:00:00,134.315,4189.892626448441,closed,90.06026331549116,2.149464708164387,928.0387886051778,0,131.338,134.56,0.06374350760223094,0.8379785252896882
288,long,2019-10-11,13:00:00,135.991,2019-10-15,16:00:00,136.939,4640.193943025897,closed,31.350740469598684,0.6756342699149054,959.3895290747765,0,135.595,137.793,0.06824266227950226,0.9280387886051795
289,long,2019-10-15,17:00:00,139.017,2019-10-16,03:00:00,138.632,4796.947645373892,closed,-14.313286813289317,-0.2983832193184941,945.0762422614872,0,138.411,139.314,0.06901238906570983,0.9593895290747784
290,long,2019-10-16,16:00:00,139.603,2019-10-17,15:00:00,139.305,4725.381211307445,closed,-11.09968870325618,-0.23489509537760778,933.976553558231,0,138.713,141.275,0.06769741640663086,0.945076242261489
291,long,2019-10-17,22:00:00,139.822,2019-10-18,02:00:00,139.719,4669.882767791164,closed,-4.440847365148058,-0.09509547853700322,929.5357061930829,0,139.684,140.122,0.06679753926837213,0.9339765535582328
292,long,2019-10-18,11:00:00,140.236,2019-10-18,18:00:00,139.941,4647.678530965424,closed,-10.77266103561401,-0.23178584671552774,918.7630451574689,0,139.528,140.298,0.06628367225199555,0.9295357061930849
293,long,2019-10-18,19:00:00,140.207,2019-10-21,01:00:00,139.859,4593.815225787355,closed,-12.386345469897352,-0.2696309028793033,906.3766996875715,0,139.519,140.604,0.06552904242708789,0.9187630451574711
294,short,2019-10-21,01:00:00,139.859,2019-10-21,10:00:00,140.599,4531.883498437869,closed,-24.949574176008802,-0.5505343238547256,881.4271255115627,100000,140.603,139.707,0.06480646220032846,0.9063766996875738
295,long,2019-10-29,16:00:00,140.296,2019-10-29,20:00:00,139.963,4407.1356275578255,closed,-11.404823624569733,-0.25878086331755606,870.022301886993,0,139.891,140.531,0.06282624775557144,0.8814271255115651
296,long,2019-10-30,09:00:00,140.352,2019-10-30,16:00:00,140.097,4350.111509434975,closed,-8.835556515327266,-0.20311103511171588,861.1867453716657,0,140.078,140.453,0.06198859310070359,0.8700223018869951
297,long,2019-10-30,20:00:00,140.473,2019-10-31,11:00:00,140.142,4305.933726858339,closed,-11.068670966851249,-0.2570562314466248,850.1180744048144,0,140.029,140.681,0.06130621154041472,0.8611867453716677
298,long,2019-11-01,03:00:00,140.04,2019-11-04,16:00:00,140.017,4250.590372024082,closed,-1.6089352644975445,-0.03785204227363335,848.5091391403168,0,139.826,140.233,0.06070537520742763,0.8501180744048165
299,short,2019-11-08,01:00:00,140.103,2019-11-08,10:00:00,140.138,4242.545695701594,closed,-1.9689290497842347,-0.046409141845639705,846.5402100905326,100000,140.213,139.895,0.06056323841319021,0.8485091391403189
300,short,2019-11-14,06:00:00,139.555,2019-11-14,12:00:00,139.684,4232.701050452674,closed,-4.819768239249368,-0.11386980043709698,841.7204418512832,100000,139.764,139.414,0.060659969910826186,0.8465402100905349
301,short,2019-11-14,15:00:00,139.458,2019-11-14,16:00:00,139.551,4208.602209256428,closed,-3.7086567945834035,-0.08812086793155596,838.0117850566999,100000,139.659,139.43,0.06035655479436716,0.8417204418512857
302,long,2019-11-19,10:00:00,140.904,2019-11-19,13:00:00,140.661,4190.058925283511,closed,-8.123571007608504,-0.1938772497586974,829.8882140490914,0,140.57,140.936,0.05947395283715878,0.8380117850567022
303,short,2019-11-21,03:00:00,140.024,2019-11-21,04:00:00,140.301,4149.441070245468,closed,-9.097714148163465,-0.21925155687595468,820.7904999009279,100000,140.332,140.024,0.05926756942017751,0.8298882140490936
304,short,2019-11-21,18:00:00,140.161,2019-11-22,07:00:00,140.359,4103.95249950465,closed,-6.676845321862537,-0.16269304585441563,814.1136545790654,100000,140.454,140.065,0.05856054821961388,0.8207904999009301
305,long,2019-11-26,22:00:00,140.272,2019-11-27,09:00:00,140.144,4070.568272895339,closed,-4.5865976533552795,-0.11267708452149104,809.5270569257101,0,140.074,140.384,0.05803821536579416,0.8141136545790678
306,long,2019-11-27,11:00:00,140.416,2019-11-28,07:00:00,141.559,4047.6352846285636,closed,32.08096875381661,0.7925854603463999,841.6080256795267,0,140.4,141.865,0.05765205225371131,0.8095270569257128
307,long,2019-11-29,17:00:00,141.651,2019-12-02,01:00:00,141.438,4208.040128397647,closed,-7.2286340798943804,-0.171781491129623,834.3793915996323,0,141.392,141.738,0.059414195853155244,0.8416080256795294
308,long,2019-12-02,02:00:00,141.597,2019-12-02,09:00:00,141.571,4171.896957998177,closed,-1.659348245628976,-0.039774430249235826,832.7200433540033,0,141.505,141.722,0.058926346716359476,0.8343793915996354
309,long,2019-12-04,10:00:00,141.54,2019-12-05,03:00:00,142.726,4163.60021677003,closed,33.99632232386194,0.8165126466016723,866.7163656778653,0,141.54,142.788,0.05883284183651307,0.8327200433540061
310,long,2019-12-12,22:00:00,144.001,2019-12-13,11:00:00,147.1,4333.58182838934,closed,92.33474003060925,2.1306795091700677,959.0511057084746,0,143.722,147.957,0.060188218531667705,0.8667163656778681
311,long,2019-12-16,06:00:00,146.43,2019-12-16,11:00:00,145.895,4795.255528542386,closed,-18.54460200939792,-0.3867281294816613,940.5065036990766,0,145.829,146.779,0.06549553409195365,0.9590511057084772
312,short,2019-12-19,15:00:00,142.84,2019-12-20,04:00:00,142.349,4702.532518495398,closed,15.158194151189708,0.3223410809297212,955.6646978502663,100000,142.872,142.073,0.06584335646171098,0.9405065036990796
313,long,2019-12-23,08:00:00,142.424,2019-12-23,12:00:00,141.965,4778.323489251345,closed,-16.42220916047514,-0.34368140201089925,939.2424886897911,0,141.884,142.492,0.06709997597668012,0.955664697850269
314,long,2019-12-26,17:00:00,142.531,2019-12-27,21:00:00,143.329,4696.212443448969,closed,25.2879298807273,0.5384749984213973,964.5304185705185,0,142.086,143.649,0.06589741801361064,0.9392424886897938
315,short,2020-01-21,04:00:00,143.035,2020-01-21,11:00:00,143.39,4822.652092852606,closed,-13.001352155546304,-0.2695892613695877,951.5290664149721,100000,143.399,142.911,0.06743317499706514,0.9645304185705212
316,long,2020-01-21,11:00:00,143.39,2020-01-21,21:00:00,143.285,4757.645332074876,closed,-4.501763047389682,-0.09462166120370305,947.0273033675825,0,143.265,143.93,0.06635951366308497,0.9515290664149753
317,short,2020-01-28,10:00:00,141.679,2020-01-28,19:00:00,141.866,4735.136516837927,closed,-7.263706569048626,-0.15340015104568203,939.7635967985339,100000,142.014,141.504,0.06684316683259943,0.9470273033675854
318,short,2020-01-29,11:00:00,141.894,2020-01-29,19:00:00,142.038,4698.817983992683,closed,-5.774551717952056,-0.12289370938870245,933.9890450805818,100000,142.085,141.733,0.0662299742623745,0.9397635967985367
319,long,2020-01-30,13:00:00,142.263,2020-01-31,12:00:00,142.751,4669.945225402924,closed,15.01951523604535,0.3216208009109885,949.0085603166272,0,142.102,143.282,0.06565228099228786,0.9339890450805848
320,long,2020-02-05,11:00:00,143.33,2020-02-05,16:00:00,142.379,4745.042801583149,closed,-32.49875941435169,-0.6848991837019618,916.5098009022755,0,142.262,143.33,0.06621143935788948,0.94900856031663
321,short,2020-02-05,16:00:00,142.379,2020-02-07,04:00:00,142.244,4582.549004511391,closed,3.3641707601353277,0.07341265214672874,919.8739716624109,100000,142.817,141.99,0.06437113625620901,0.9165098009022783
322,short,2020-02-07,11:00:00,141.954,2020-02-07,14:00:00,142.261,4599.369858312068,closed,-10.93160513963495,-0.23767614861151354,908.942366522776,100000,142.261,141.856,0.06480084898364354,0.9198739716624136
323,short,2020-02-07,16:00:00,141.934,2020-02-07,17:00:00,142.052,4544.711832613893,closed,-4.751329813601312,-0.10454633843898925,904.1910367091747,100000,142.088,141.862,0.06403979078464488,0.9089423665227787
324,short,2020-02-07,18:00:00,141.729,2020-02-10,04:00:00,141.703,4520.955183545886,closed,-0.1386248900126752,-0.0030662743686821646,904.052411819162,100000,141.747,141.26,0.06379717889134737,0.9041910367091772
325,long,2020-02-12,10:00:00,142.769,2020-02-12,18:00:00,142.764,4520.262059095823,closed,-1.1256819981694943,-0.024903025166524564,902.9267298209925,0,142.536,142.889,0.06332273895727816,0.9040524118191646
326,long,2020-02-13,14:00:00,142.991,2020-02-14,05:00:00,143.26,4514.633649104976,closed,7.527024695869606,0.16672503863877935,910.4537545168621,0,142.908,143.472,0.06314570356323092,0.9029267298209952
327,long,2020-02-18,12:00:00,142.966,2020-02-20,01:00:00,143.75,4552.2687725843225,closed,23.98969159585247,0.5269831988025067,934.4434461127146,0,142.764,144.16,0.06368323619020358,0.9104537545168645
328,long,2020-02-20,10:00:00,144.17,2020-02-20,14:00:00,144.063,4672.217230563585,closed,-4.46688208196919,-0.09560518831934477,929.9765640307454,0,143.932,144.587,0.06481538781388063,0.934443446112717
329,long,2020-02-20,17:00:00,144.395,2020-02-20,18:00:00,144.049,4649.882820153739,closed,-12.136453390884295,-0.2610055749852859,917.8401106398611,0,143.902,144.398,0.06440503923478982,0.9299765640307478
330,long,2020-02-21,13:00:00,144.863,2020-02-25,20:00:00,143.08,4589.200553199318,closed,-57.465909579453324,-1.2521986980802464,860.3742010604078,0,142.658,144.955,0.06335918147766259,0.9178401106398637
331,short,2020-02-25,20:00:00,143.08,2020-02-27,03:00:00,142.482,4301.871005302053,closed,17.05907728873607,0.39655018171653145,877.4332783491438,100000,143.722,142.269,0.060132387549651285,0.8603742010604106
332,short,2020-02-27,12:00:00,141.655,2020-02-27,19:00:00,141.958,4387.166391745734,closed,-10.323522364385196,-0.23531184921110954,867.1097559847586,100000,142.037,141.408,0.061941567777286134,0.8774332783491468
333,short,2020-03-02,13:00:00,137.497,2020-03-02,18:00:00,138.164,4335.548779923809,closed,-21.961985526139102,-0.5065560703142418,845.1477704586196,100000,138.214,137.255,0.06306390364769862,0.8671097559847618
334,short,2020-03-03,14:00:00,137.66,2020-03-04,02:00:00,137.687,4225.738852293114,closed,-1.735358628489748,-0.0410663954671039,843.4124118301298,100000,138.143,136.968,0.06139385227797638,0.8451477704586229
335,short,2020-03-09,00:00:00,135.79,2020-03-09,15:00:00,134.242,4217.062059150665,closed,47.16879720188911,1.1185227189041917,890.5812090320189,100000,136.353,132.623,0.062111526020335296,0.843412411830133
336,short,2020-03-10,16:00:00,135.146,2020-03-11,10:00:00,136.127,4452.906045160109,closed,-33.279306309238386,-0.7473615201337982,857.3019027227806,100000,136.693,134.093,0.06589771129238171,0.8905812090320219
337,short,2020-03-13,02:00:00,131.565,2020-03-13,03:00:00,131.763,4286.509513613917,closed,-7.373487079044873,-0.17201611370805878,849.9284156437358,100000,131.888,131.266,0.06516185176321844,0.8573019027227835
338,short,2020-03-13,20:00:00,133.102,2020-03-13,21:00:00,133.774,4249.642078218692,closed,-22.36920506602755,-0.526378566813419,827.5592105777082,100000,133.774,133.077,0.06385542032754868,0.8499284156437386
339,long,2020-03-13,21:00:00,133.774,2020-03-17,13:00:00,129.298,3610.4355166711466,closed,-121.57913139933638,-3.3674367216349954,705.9800791783719,0,128.986,133.774,0.053978135013846434,0.7220871033342293
340,short,2020-03-17,13:00:00,129.298,2020-03-17,19:00:00,129.828,3529.900395891873,closed,-15.229847506474083,-0.43145261334282137,690.7502316718977,100000,130.003,128.681,0.05460100536577322,0.7059800791783746
341,short,2020-03-18,08:00:00,129.517,2020-03-19,05:00:00,125.732,3453.751158359503,closed,100.18821262319648,2.900852088914966,790.9384442950942,100000,129.618,124.437,0.05333278501446919,0.6907502316719006
342,long,2020-03-25,08:00:00,131.806,2020-03-25,14:00:00,131.804,3954.6922214754863,closed,-0.9109539890042889,-0.02303476321260758,790.0274903060899,0,131.662,133.407,0.060007772354452545,0.7909384442950973
343,short,2020-04-01,18:00:00,132.667,2020-04-02,01:00:00,132.917,3950.1374515304656,closed,-8.293284802114435,-0.2099492714842425,781.7342055039755,100000,133.052,132.53,0.05954966120482812,0.7900274903060932
344,long,2020-04-06,03:00:00,133.407,2020-04-06,22:00:00,133.672,3908.6710275198925,closed,6.923862054345042,0.17714107955353642,788.6580675583206,0,133.081,134.503,0.05859769018896898,0.7817342055039785
345,short,2020-04-06,22:00:00,133.672,2020-04-07,10:00:00,134.362,3943.290337791618,closed,-21.2024838033279,-0.5376850798970598,767.4555837549926,100000,134.423,133.119,0.05899949634615504,0.7886580675583237
346,long,2020-04-07,10:00:00,134.362,2020-04-07,22:00:00,134.245,3837.277918774978,closed,-4.166006307428243,-0.10856670784893813,763.2895774475644,0,133.868,134.953,0.05711849955753827,0.7674555837549957
347,long,2020-04-09,13:00:00,135.379,2020-04-09,18:00:00,134.989,3816.4478872378368,closed,-11.81409931748982,-0.30955746459937394,751.4754781300746,0,134.943,135.745,0.056381682347156306,0.7632895774475674
348,long,2020-04-10,14:00:00,135.388,2020-04-10,17:00:00,135.257,3757.377390650388,closed,-4.442579512139757,-0.11823618045912504,747.0328986179348,0,135.208,135.415,0.05550532381969433,0.7514754781300776
349,short,2020-04-13,15:00:00,134.74,2020-04-13,22:00:00,134.768,3735.1644930896896,closed,-1.5786711262612456,-0.04226510316163841,745.4542274916736,100000,134.864,134.543,0.05544254850956939,0.747032898617938
350,short,2020-04-17,10:00:00,134.108,2020-04-17,18:00:00,134.409,3727.2711374583832,closed,-9.1667501580092,-0.2459373042622272,736.2874773336644,100000,134.522,133.92,0.05558611175259318,0.7454542274916767
351,short,2020-04-22,21:00:00,132.688,2020-04-23,07:00:00,132.987,3681.4373866683377,closed,-9.087552500449501,-0.24684794404920304,727.1999248332148,100000,133.124,132.625,0.05549013304395783,0.7362874773336676
352,long,2020-04-28,11:00:00,133.474,2020-04-28,14:00:00,133.277,3635.9996241660906,closed,-6.148210198062925,-0.16909270719391245,721.0517146351519,0,133.186,133.474,0.05448251530884053,0.7271999248332182
353,short,2020-05-04,11:00:00,132.733,2020-05-04,14:00:00,132.868,3605.2585731757767,closed,-4.442209411101359,-0.12321472429613653,716.6095052240506,100000,132.889,132.539,0.05432347002140804,0.7210517146351554
354,long,2020-05-08,16:00:00,131.953,2020-05-11,10:00:00,132.716,3583.0475261202696,closed,19.94756006558937,0.5567204989655448,736.55706528964,0,131.93,133.197,0.05430793579714398,0.716609505224054
355,long,2020-05-11,20:00:00,132.909,2020-05-12,17:00:00,132.237,3682.7853264482155,closed,-19.412472992924993,-0.5271138899547789,717.144592296715,0,132.091,132.935,0.05541814815322086,0.7365570652896432
356,short,2020-05-12,17:00:00,132.237,2020-05-13,08:00:00,131.515,3585.722961483591,closed,18.80629084761961,0.5244769618185594,735.9508831443346,100000,132.251,131.221,0.054231765110878065,0.7171445922967182
357,short,2020-05-13,18:00:00,130.718,2020-05-14,01:00:00,130.921,3679.7544157216885,closed,-6.506767872563983,-0.17682614483085957,729.4441152717707,100000,131.122,130.669,0.056300653555312795,0.7359508831443378
358,short,2020-05-14,04:00:00,130.445,2020-05-14,12:00:00,130.638,3647.220576358868,closed,-6.181611790460729,-0.16948829008395266,723.26250348131,100000,130.691,130.163,0.05591966846347301,0.7294441152717737
359,short,2020-05-15,09:00:00,130.762,2020-05-18,06:00:00,129.727,3616.3125174065635,closed,27.845058801492367,0.7699848579862626,751.1075622828023,100000,130.884,129.355,0.05531136748300827,0.7232625034813127
360,long,2020-05-19,09:00:00,131.709,2020-05-19,22:00:00,132.002,3755.5378114140262,closed,7.5464385668466045,0.20094162130151041,758.6540008496489,0,131.297,132.469,0.05702780844762356,0.7511075622828053
361,long,2020-05-27,14:00:00,132.749,2020-05-27,15:00:00,132.412,3793.270004248259,closed,-10.44549556982658,-0.2753691553231957,748.2085052798224,0,132.296,132.756,0.057149507781576646,0.7586540008496518
362,short,2020-05-27,15:00:00,132.412,2020-05-28,02:00:00,132.22,3741.042526399126,closed,4.619870520910106,0.12349152644775949,752.8283758007325,100000,132.515,131.677,0.056506095012523426,0.7482085052798252
363,short,2020-05-29,03:00:00,132.448,2020-05-29,16:00:00,132.857,3764.1418790036755,closed,-12.433354410701071,-0.3303104614641156,740.3950213900314,100000,132.867,131.819,0.05683954274890788,0.7528283758007351
364,long,2020-06-01,16:00:00,133.773,2020-06-02,05:00:00,134.466,3701.9751069501694,closed,18.382034758181423,0.49654668729864193,758.7770561482129,0,133.73,134.76,0.055347119477774584,0.7403950213900339
365,long,2020-06-02,09:00:00,135.062,2020-06-03,01:00:00,136.31,3793.8852807410763,closed,34.241304830713695,0.9025392782573854,793.0183609789266,0,134.706,136.499,0.05617990672048505,0.7587770561482153
366,long,2020-06-03,02:00:00,136.926,2020-06-03,04:00:00,136.506,3965.0918048946437,closed,-13.013259525297538,-0.3281956677329269,780.0051014536291,0,136.486,137.04,0.05791583490198565,0.7930183609789287
367,long,2020-06-04,17:00:00,137.461,2020-06-05,05:00:00,137.401,3900.0255072681557,closed,-2.5390609896738137,-0.06510370214097255,777.4660404639553,0,137.157,137.782,0.05674373832968122,0.7800051014536312
368,long,2020-06-05,07:00:00,137.684,2020-06-09,03:00:00,137.588,3887.3302023197857,closed,-3.5443696736192485,-0.09117747886464922,773.9216707903361,0,137.446,139.71,0.05646742108479977,0.7774660404639572
369,short,2020-06-09,03:00:00,137.588,2020-06-09,17:00:00,137.034,3869.6083539516894,closed,14.750861096466549,0.3811977788760663,788.6725318868026,100000,137.662,136.248,0.056249212924843583,0.7739216707903379
370,short,2020-06-10,17:00:00,136.815,2020-06-12,06:00:00,134.578,3943.3626594340217,closed,63.62981625834101,1.6135928078061579,852.3023481451437,100000,137.166,133.812,0.057645180125483635,0.7886725318868044
371,short,2020-06-12,18:00:00,134.487,2020-06-15,11:00:00,134.588,4261.511740725728,closed,-4.116080328877454,-0.09658732814323992,848.1862678162662,100000,134.744,133.519,0.06337432972295802,0.8523023481451456
372,short,2020-06-18,12:00:00,133.736,2020-06-22,03:00:00,131.905,4240.9313390813395,closed,57.1516299311109,1.3476197882395085,905.337897747377,100000,134.198,131.779,0.06342243433452982,0.8481862678162679
373,short,2020-06-29,13:00:00,132.08,2020-06-29,19:00:00,132.379,4526.689488736894,closed,-11.22130955212129,-0.24789218655358733,894.1165881952558,100000,132.576,131.972,0.06854466215531337,0.9053378977473789
374,long,2020-07-01,17:00:00,133.957,2020-07-02,02:00:00,133.842,4470.582940976287,closed,-4.798789013631325,-0.10734146031934179,889.3177991816244,0,133.796,134.291,0.06674653718695234,0.8941165881952575
375,long,2020-07-02,11:00:00,134.472,2020-07-02,15:00:00,134.424,4446.5889959081305,closed,-2.5426690529401377,-0.05718246177643064,886.7751301286843,0,134.332,134.696,0.06613405015033808,0.8893177991816261
376,long,2020-07-03,17:00:00,134.056,2020-07-06,12:00:00,134.413,4433.875650643429,closed,10.854779563271192,0.2448147043026789,897.6299096919555,0,133.989,134.669,0.06614960390647832,0.8867751301286859
377,long,2020-07-07,07:00:00,134.276,2020-07-09,04:00:00,135.357,4488.149548459785,closed,35.167738158973016,0.7835687688045434,932.7976478509286,0,134.137,135.438,0.06684961643867535,0.8976299096919571
378,long,2020-07-09,06:00:00,135.442,2020-07-09,17:00:00,135.354,4663.98823925465,closed,-4.031976200536875,-0.08644910736698651,928.7656716503917,0,135.252,135.914,0.06887063450413682,0.93279764785093
379,short,2020-07-14,15:00:00,134.343,2020-07-14,18:00:00,134.481,4643.828358251965,closed,-5.768139291081994,-0.12421086323813318,922.9975323593097,100000,134.555,134.006,0.06913390884902028,0.9287656716503931
380,long,2020-07-22,15:00:00,136.133,2020-07-23,04:00:00,136.427,4614.987661796554,closed,8.97597183762823,0.19449611776717085,931.9735041969379,0,135.961,136.629,0.06780116006841182,0.9229975323593108
381,short,2020-07-27,09:00:00,135.219,2020-07-27,14:00:00,135.562,4659.867520984694,closed,-12.821236808464848,-0.27514165908638416,919.1522673884731,100000,135.634,135.169,0.06892326553198433,0.9319735041969389
382,long,2020-07-30,13:00:00,136.812,2020-07-31,03:00:00,137.11,4595.761336942369,closed,9.024020522534554,0.19635529047159736,928.1762879110076,0,136.752,137.36,0.06718359993191195,0.9191522673884738
383,long,2020-07-31,12:00:00,137.477,2020-08-03,01:00:00,138.589,4640.881439555042,closed,36.542661727946715,0.7874077845748706,964.7189496389543,0,137.263,139.187,0.06751502345199621,0.9281762879110084
384,long,2020-08-12,10:00:00,139.361,2020-08-12,15:00:00,139.226,4823.594748194775,closed,-5.7065942268157865,-0.1183058387927691,959.0123554121385,0,139.133,139.521,0.06922445660112622,0.9647189496389551
385,long,2020-08-12,17:00:00,139.577,2020-08-12,20:00:00,139.259,4795.061777060696,closed,-11.95236920259671,-0.24926413377563075,947.0599862095418,0,139.228,139.61,0.06870848029490097,0.9590123554121393
386,long,2020-08-13,08:00:00,139.456,2020-08-13,20:00:00,139.855,4735.299931047712,closed,12.533278418921437,0.2646776044056913,959.5932646284632,0,139.374,140.204,0.06791102471098714,0.9470599862095423
387,long,2020-08-14,14:00:00,139.794,2020-08-14,18:00:00,139.582,4797.966323142318,closed,-8.30443491128383,-0.1730823926635031,951.2888297171794,0,139.439,140.008,0.06864337987527817,0.9595932646284637
388,short,2020-08-14,18:00:00,139.582,2020-08-17,01:00:00,139.615,4756.444148585899,closed,-2.143960844737598,-0.04507486638679448,949.1448688724417,100000,139.944,139.455,0.06815268657256522,0.9512888297171798
389,short,2020-08-18,05:00:00,138.709,2020-08-18,08:00:00,138.762,4745.724344362211,closed,-2.830888944166105,-0.05965135643685506,946.3139799282757,100000,138.796,138.628,0.06842705728340931,0.9491448688724422
390,short,2020-08-24,19:00:00,138.393,2020-08-26,19:00:00,140.078,4731.569899641381,closed,-58.62378625594672,-1.2389922900724764,887.690193672329,100000,140.288,138.326,0.0683787460296602,0.9463139799282763
391,long,2020-08-26,19:00:00,140.078,2020-08-26,20:00:00,139.9,4438.450968361647,closed,-6.591092400336362,-0.1484998358057634,881.0991012719926,0,139.9,140.148,0.06337113562960132,0.8876901936723295
392,long,2020-08-27,11:00:00,140.13,2020-08-27,12:00:00,140.008,4405.495506359965,closed,-4.77948947298806,-0.10848925997287209,876.3196117990045,0,140.008,140.134,0.06287726405994383,0.881099101271993
393,long,2020-08-27,16:00:00,140.264,2020-08-28,09:00:00,140.811,4381.598058995023,closed,16.148511721631344,0.36855301431585935,892.4681235206359,0,140.071,141.611,0.0624764452602952,0.8763196117990046
394,long,2020-08-28,22:00:00,140.705,2020-09-01,01:00:00,141.516,4462.3406176031785,closed,24.764285791698267,0.554961799509597,917.2324093123342,0,140.531,141.992,0.06342831623045632,0.8924681235206358
395,long,2020-09-01,11:00:00,141.918,2020-09-01,19:00:00,141.99,4586.162046561669,closed,1.344857975694003,0.029324257669923984,918.5772672880282,0,141.9,142.708,0.06463115385732139,0.9172324093123339
396,short,2020-09-03,07:00:00,141.533,2020-09-04,21:00:00,141.154,4592.88633644014,closed,11.315446945000911,0.24636897402018662,929.8927142330291,100000,141.533,140.132,0.06490198521108351,0.9185772672880281
397,short,2020-09-07,06:00:00,140.769,2020-09-09,06:00:00,137.359,4649.4635711651445,closed,111.63304266593445,2.4009875753894656,1041.5257568989637,100000,140.769,137.122,0.06605806066911243,0.9298927142330289
398,short,2020-09-10,10:00:00,137.856,2020-09-10,11:00:00,138.052,5207.628784494818,closed,-8.52114579033939,-0.1636281337047339,1033.0046111086242,100000,138.08,137.77,0.07555171750950004,1.0415257568989638
399,short,2020-09-10,14:00:00,137.586,2020-09-11,06:00:00,136.2,5165.02305554312,closed,50.92280418391269,0.9859162996235257,1083.9274152925368,100000,137.738,135.591,0.07508064854771734,1.033004611108624
400,short,2020-09-14,19:00:00,135.961,2020-09-15,08:00:00,135.914,5419.6370764626845,closed,0.7098492444919513,0.01309772655395699,1084.6372645370288,100000,136.001,135.435,0.07972340710148769,1.0839274152925369
401,short,2020-09-15,17:00:00,135.575,2020-09-16,12:00:00,136.245,5423.1863226851465,closed,-27.965560803865852,-0.5156666052000856,1056.671703733163,100000,136.245,135.491,0.08000274862895293,1.0846372645370292
402,long,2020-09-16,12:00:00,136.245,2020-09-18,10:00:00,135.634,5283.358518665818,closed,-24.827810255182712,-0.46992476788140364,1031.8438934779804,0,134.619,136.474,0.07755673263115444,1.0566717037331637
403,short,2020-09-22,10:00:00,133.535,2020-09-22,11:00:00,134.084,5159.219467389903,closed,-22.3201198251204,-0.4326259033212316,1009.52377365286,100000,134.268,133.507,0.07727141898962674,1.0318438934779806
404,short,2020-09-22,19:00:00,133.614,2020-09-22,22:00:00,133.678,5047.618868264299,closed,-3.5028466687492426,-0.06939602137500034,1006.0209269841107,100000,133.752,133.573,0.07555523924535301,1.0095237736528597
405,short,2020-09-23,10:00:00,133.298,2020-09-23,12:00:00,133.718,5030.1046349205535,closed,-16.93052208931521,-0.3365838947320947,989.0904048947955,100000,133.768,133.179,0.07547156948972308,1.0060209269841107
406,long,2020-09-29,10:00:00,135.996,2020-09-29,13:00:00,135.826,4945.452024473978,closed,-7.243816633678017,-0.14647430806789608,981.8465882611175,0,135.676,136.143,0.07272937475328654,0.9890904048947956
407,long,2020-09-30,16:00:00,135.908,2020-10-01,10:00:00,136.047,4909.232941305589,closed,3.9668312891185424,0.08080348471025255,985.8134195502361,0,135.897,136.635,0.07224347266247153,0.9818465882611178
408,short,2020-10-01,10:00:00,136.047,2020-10-01,15:00:00,136.73,4929.067097751181,closed,-25.803787810455756,-0.5235024660595182,960.0096317397803,100000,137.014,135.393,0.07246123909753513,0.9858134195502363
409,long,2020-10-01,15:00:00,136.73,2020-10-01,16:00:00,136.071,4800.048158698903,closed,-24.165098733618926,-0.5034345059606464,935.8445330061613,0,136.033,136.773,0.07021206989978648,0.9600096317397806
410,short,2020-10-15,10:00:00,136.823,2020-10-16,09:00:00,136.024,4679.222665030809,closed,26.320833540341056,0.5625044034994165,962.1653665465024,100000,136.868,135.631,0.06839818838982933,0.9358445330061619
411,short,2020-10-27,10:00:00,136.328,2020-10-27,17:00:00,136.478,4810.826832732514,closed,-6.326035434143544,-0.13149580423684473,955.8393311123588,100000,136.571,136.166,0.07057723773153739,0.9621653665465029
412,short,2020-10-29,12:00:00,135.202,2020-10-29,21:00:00,135.294,4779.1966555617955,closed,-4.278604420555346,-0.08952559873375612,951.5607266918034,100000,135.385,134.69,0.070697129562607,0.9558393311123592
413,short,2020-10-30,06:00:00,134.815,2020-10-30,11:00:00,135.318,4757.803633459018,closed,-18.773693537557598,-0.3945873975447942,932.7870331542458,100000,135.32,134.426,0.07058270420144669,0.9515607266918036
414,short,2020-11-02,01:00:00,135.188,2020-11-02,15:00:00,135.39,4663.935165771231,closed,-7.970710323811129,-0.17090096754149642,924.8163228304347,100000,135.424,134.893,0.06899924794761712,0.9327870331542463
415,short,2020-11-02,20:00:00,135.211,2020-11-02,22:00:00,135.379,4624.0816141521755,closed,-6.7386471088298565,-0.14572941550611854,918.0776757216049,100000,135.379,135.18,0.06839800924706088,0.9248163228304351
416,short,2020-11-03,08:00:00,135.297,2020-11-03,10:00:00,135.741,4590.388378608027,closed,-16.05007037961938,-0.349645151038099,902.0276053419856,100000,135.752,135.181,0.06785646952420271,0.9180776757216054
417,long,2020-11-03,10:00:00,135.741,2020-11-04,03:00:00,136.302,4510.13802670993,closed,17.671337530694693,0.39181367457141075,919.6989428726803,0,135.707,137.323,0.06645211139906042,0.9020276053419861
418,long,2020-11-05,09:00:00,135.843,2020-11-06,05:00:00,135.751,4598.494714363404,closed,-4.10174367944423,-0.08919752950095666,915.5971991932361,0,135.576,136.266,0.06770307950153345,0.9196989428726807
419,long,2020-11-10,12:00:00,139.677,2020-11-10,18:00:00,139.443,4577.985995966183,closed,-8.650619393598395,-0.18896124630395872,906.9465797996377,0,139.162,139.767,0.06555103554581188,0.9155971991932366
420,short,2020-11-16,10:00:00,137.883,2020-11-16,13:00:00,138.629,4534.732898998191,closed,-25.50737018858796,-0.5624889217669915,881.4392096110497,100000,138.791,137.684,0.06577653371333943,0.9069465797996382
421,long,2020-11-16,13:00:00,138.629,2020-11-16,16:00:00,137.899,4407.19604805525,closed,-24.152670389064106,-0.5480280460798171,857.2865392219855,0,137.831,138.65,0.06358259885096552,0.88143920961105
422,long,2020-11-24,18:00:00,139.652,2020-11-24,21:00:00,139.612,4286.4326961099305,closed,-2.1464207674219615,-0.05007475725373932,855.1401184545635,0,139.496,139.696,0.06138734420001047,0.8572865392219862
423,long,2020-11-25,18:00:00,139.633,2020-11-26,05:00:00,139.65,4275.700592272819,closed,-0.3958252796695004,-0.00925755373013836,854.7442931748941,0,139.595,139.877,0.06124197850469186,0.855140118454564
424,short,2020-11-27,03:00:00,138.98,2020-11-27,08:00:00,139.074,4273.721465874471,closed,-3.8068040192077435,-0.08907468700534071,850.9374891556863,100000,139.11,138.949,0.06150124429233661,0.8547442931748942
425,short,2020-11-27,12:00:00,138.666,2020-11-27,16:00:00,138.91,4254.6874457784315,closed,-8.398952948327317,-0.19740469906105304,842.538536207359,100000,139.102,138.666,0.06136597934285884,0.8509374891556863
426,short,2020-11-27,17:00:00,138.785,2020-12-01,03:00:00,139.271,4212.692681036795,closed,-15.655335512436157,-0.3716230140144756,826.8832006949228,100000,139.469,138.328,0.0607081843288078,0.8425385362073591
427,long,2020-12-01,18:00:00,139.813,2020-12-02,06:00:00,140.067,4134.416003474615,closed,6.625019218076449,0.16024075014484998,833.5082199129993,0,139.769,140.192,0.059142082688657206,0.8268832006949229
428,short,2020-12-08,13:00:00,138.596,2020-12-08,15:00:00,138.978,4167.541099564996,closed,-12.38027567520016,-0.29706427313919953,821.127944237799,100000,139.234,138.441,0.06013941382961985,0.8335082199129993
429,short,2020-12-08,16:00:00,138.691,2020-12-08,17:00:00,139.122,4105.639721188995,closed,-13.639133433237681,-0.3322048294409959,807.4888108045614,100000,139.149,138.52,0.0592055680785198,0.8211279442377991
430,short,2020-12-11,02:00:00,138.343,2020-12-11,04:00:00,138.482,4037.444054022808,closed,-4.922475558361405,-0.121920588681762,802.5663352462,100000,138.482,138.316,0.058368606348319876,0.8074888108045616
431,short,2020-12-11,10:00:00,137.578,2020-12-11,20:00:00,137.563,4012.831676231001,closed,-0.42338643881608556,-0.010550814810496753,802.1429488073838,100000,137.822,136.809,0.05833536868148979,0.8025663352462002
432,long,2020-12-17,19:00:00,140.282,2020-12-17,21:00:00,139.96,4010.7147440369204,closed,-10.065423890538847,-0.2509633452616891,792.077524916845,0,139.96,140.449,0.05718074655389744,0.8021429488073841
433,short,2020-12-22,15:00:00,138.714,2020-12-23,01:00:00,138.735,3960.3876245842253,closed,-1.4487445907176772,-0.03658087864239731,790.6287803261274,100000,138.768,138.043,0.057101483982643794,0.7920775249168451
434,long,2020-12-31,10:00:00,140.956,2020-12-31,13:00:00,140.662,3953.1439016306376,closed,-9.092017829977086,-0.22999460824653278,781.5367624961503,0,140.598,140.981,0.05609046655169894,0.7906287803261276
435,long,2020-12-31,17:00:00,141.125,2021-01-04,02:00:00,140.924,3907.6838124807523,closed,-6.402509757596714,-0.1638441098317048,775.1342527385536,0,140.803,141.316,0.055379044286706855,0.7815367624961505
436,short,2021-01-05,10:00:00,139.545,2021-01-05,13:00:00,139.736,3875.671263692768,closed,-6.1354449331120104,-0.15830663943530943,768.9988078054416,100000,139.89,139.533,0.055547260936511786,0.7751342527385536
437,long,2021-01-08,09:00:00,141.18,2021-01-08,16:00:00,141.132,3844.994039027208,closed,-2.130733486593991,-0.05541578127213616,766.8680743188477,0,141.037,141.354,0.05446938715153999,0.7689988078054417
438,long,2021-01-11,18:00:00,140.833,2021-01-13,16:00:00,141.763,3834.3403715942372,closed,24.498999050854078,0.6389364708555573,791.3670733697018,0,140.766,142.251,0.05445229983873435,0.7668680743188475
439,long,2021-01-14,04:00:00,141.93,2021-01-14,15:00:00,141.819,3956.8353668485065,closed,-3.9416693100635225,-0.0996167124639036,787.4254040596383,0,141.739,142.244,0.05575756171138598,0.7913670733697014
440,long,2021-01-14,16:00:00,142.098,2021-01-14,19:00:00,141.895,3937.1270202981896,closed,-6.467385988734584,-0.16426663288716448,780.9580180709037,0,141.828,142.165,0.05541424960658404,0.7874254040596379
441,long,2021-01-20,10:00:00,141.953,2021-01-20,16:00:00,141.532,3904.7900903545155,closed,-12.416683985256732,-0.31798595309714645,768.5413340856469,0,141.52,142.322,0.055015252799933995,0.7809580180709031
442,long,2021-01-27,09:00:00,142.602,2021-01-27,10:00:00,142.518,3842.706670428231,closed,-3.0859897124873523,-0.08030770956929298,765.4553443731595,0,142.384,142.602,0.053894148334921406,0.7685413340856463
443,long,2021-01-27,20:00:00,142.873,2021-01-27,22:00:00,142.541,3827.276721865794,closed,-9.712635183133113,-0.25377405108032564,755.7427091900264,0,142.479,142.873,0.05357592717820434,0.7654553443731589
444,long,2021-01-28,16:00:00,143.063,2021-01-29,06:00:00,143.273,3778.713545950129,closed,4.738147517896342,0.12539049230060045,760.4808567079227,0,143.038,143.461,0.05282586756813613,0.7557427091900258
445,long,2021-01-29,13:00:00,143.607,2021-01-29,19:00:00,143.515,3802.404283539611,closed,-3.2493985463245334,-0.0854564192553378,757.2314581615982,0,143.458,143.957,0.05295569552375039,0.7604808567079222
446,long,2021-02-01,06:00:00,143.791,2021-02-01,13:00:00,143.785,3786.157290807987,closed,-0.9678792617547622,-0.025563630547113678,756.2635788998434,0,143.69,144.102,0.052661950898289706,0.7572314581615974
447,long,2021-02-02,05:00:00,143.717,2021-02-02,14:00:00,143.56,3781.3178944992137,closed,-4.939690349744039,-0.13063409339188173,751.3238885500994,0,143.519,143.772,0.052621720387973775,0.7562635788998427
448,long,2021-02-04,14:00:00,143.831,2021-02-05,06:00:00,144.35,3756.6194427504934,closed,12.751830868783339,0.3394496318596168,764.0757194188827,0,143.831,144.503,0.052236575463571744,0.7513238885500987
449,long,2021-02-05,14:00:00,144.768,2021-02-05,18:00:00,144.6,3820.378597094409,closed,-5.250318269610042,-0.13742926613616707,758.8254011492727,0,144.591,144.884,0.05277932411989403,0.7640757194188819
450,short,2021-02-09,05:00:00,144.561,2021-02-09,18:00:00,144.327,3794.127005746359,closed,5.330212896408084,0.14048588485138375,764.1556140456807,100000,144.599,144.042,0.052491709461699336,0.7588254011492718
451,long,2021-02-16,03:00:00,147.079,2021-02-16,08:00:00,146.961,3820.7780702284003,closed,-3.8814828220589854,-0.10158880601581124,760.2741312236218,0,146.871,147.309,0.05195545346689058,0.7641556140456801
452,long,2021-02-16,19:00:00,147.331,2021-02-17,02:00:00,147.231,3801.370656118106,closed,-3.392033957221037,-0.08923186566302702,756.8820972664007,0,147.14,147.559,0.05160313384308946,0.7602741312236213
453,long,2021-02-19,16:00:00,147.909,2021-02-19,22:00:00,147.717,3784.4104863320013,closed,-5.72058027890733,-0.15116172781911777,751.1615169874934,0,147.67,148.15,0.05117214620248939,0.7568820972664003
454,long,2021-02-25,10:00:00,150.372,2021-02-25,13:00:00,150.025,3755.8075849374654,closed,-9.468055933123521,-0.25209108078632214,741.6934610543699,0,149.992,150.399,0.04995354966266945,0.7511615169874931
455,short,2021-03-01,13:00:00,148.761,2021-03-02,01:00:00,148.833,3708.467305271847,closed,-2.586441618099071,-0.0697442205954536,739.1070194362708,100000,148.87,148.35,0.0498580582985036,0.7416934610543695
456,long,2021-03-10,09:00:00,150.963,2021-03-10,15:00:00,150.849,3695.5350971813527,closed,-3.578756942086542,-0.09684002040235312,735.5282624941842,0,150.675,151.177,0.04895948142500286,0.7391070194362706
457,short,2021-03-10,15:00:00,150.849,2021-03-10,17:00:00,151.038,3677.641312470921,closed,-5.392035701602329,-0.1466166829080878,730.1362267925819,100000,151.042,150.749,0.04875924020007983,0.7355282624941842
458,short,2021-03-10,18:00:00,150.917,2021-03-12,22:00:00,151.849,3650.68113396291,closed,-23.323589443602575,-0.6388832272043493,706.8126373489793,100000,152.235,150.827,0.048379985474968495,0.730136226792582
459,long,2021-03-12,22:00:00,151.849,2021-03-15,12:00:00,151.954,3534.0631867448974,closed,1.6903615833227978,0.047830542183365174,708.502998932302,0,151.768,152.108,0.046547072246045706,0.7068126373489795
460,long,2021-03-17,21:00:00,152.044,2021-03-18,06:00:00,151.975,3542.5149946615124,closed,-2.362751536336126,-0.06669700876063299,706.140247395966,0,151.692,152.264,0.04659855034939244,0.7085029989323025
461,short,2021-03-18,06:00:00,151.975,2021-03-18,09:00:00,152.437,3530.7012369798326,closed,-11.485843316708053,-0.32531337391019416,694.6544040792579,100000,152.489,151.91,0.046464237367722754,0.7061402473959666
462,long,2021-03-18,09:00:00,152.437,2021-03-18,14:00:00,152.152,3473.2720203962913,closed,-7.233939944032304,-0.2082745002853802,687.4204641352256,0,151.924,152.541,0.04556993407632388,0.6946544040792583
463,short,2021-03-19,13:00:00,151.359,2021-03-22,06:00:00,150.666,3437.102320676129,closed,15.003999957427062,0.4365305003336518,702.4244640926527,100000,151.46,150.329,0.04541655693650366,0.6874204641352258
464,short,2021-03-23,05:00:00,150.538,2021-03-24,11:00:00,149.166,3512.1223204632633,closed,31.26031968711648,0.8900692184033362,733.6847837797692,100000,150.612,148.543,0.04666094036672818,0.7024244640926527
465,short,2021-03-25,00:00:00,148.782,2021-03-25,01:00:00,148.925,3668.4239188988454,closed,-4.3088583144510535,-0.11745802583645916,729.3759254653181,100000,148.925,148.776,0.04931273835408645,0.7336847837797691
466,long,2021-03-29,13:00:00,151.534,2021-03-29,17:00:00,151.174,3646.879627326591,closed,-9.441416953169808,-0.25889028204890335,719.9345085121483,0,151.116,151.81,0.04813282335748534,0.7293759254653183
467,long,2021-03-30,06:00:00,151.502,2021-03-30,16:00:00,151.439,3599.672542560743,closed,-2.264328082633335,-0.0629037240432579,717.670180429515,0,151.351,151.945,0.04751980228063976,0.7199345085121486
468,long,2021-04-01,16:00:00,152.965,2021-04-02,08:00:00,153.056,3588.3509021475766,closed,1.3701487996715778,0.038183244533068476,719.0403292291866,0,152.795,153.21,0.04691728045170564,0.7176701804295154
469,long,2021-04-02,22:00:00,153.151,2021-04-05,01:00:00,153.059,3595.2016461459334,closed,-2.925679232910941,-0.08137733348134388,716.1146499962756,0,152.953,153.185,0.046949763908115956,0.7190403292291867
470,long,2021-04-05,11:00:00,153.321,2021-04-05,17:00:00,153.02,3580.573249981378,closed,-7.792207910177943,-0.2176245915432248,708.3224420860977,0,152.901,153.347,0.04670688620582148,0.7161146499962756
471,short,2021-04-05,17:00:00,153.02,2021-04-07,05:00:00,151.697,3541.6122104304873,closed,29.865914454912335,0.8432858449875883,738.18835654101,100000,153.409,151.641,0.04628953353065595,0.7083224420860975
472,short,2021-04-07,16:00:00,150.908,2021-04-12,03:00:00,150.481,3690.9417827050493,closed,9.656557168213267,0.261628541893069,747.8449137092232,100000,151.243,149.606,0.04891644952825628,0.7381883565410099
473,short,2021-04-12,04:00:00,150.028,2021-04-12,11:00:00,150.429,3739.224568546115,closed,-10.792020008519014,-0.2886165249153561,737.0528937007042,100000,150.468,149.787,0.04984702280302497,0.747844913709223
474,short,2021-04-13,11:00:00,150.381,2021-04-14,07:00:00,150.032,3685.2644685035193,closed,7.766592982910589,0.21074723535552337,744.8194866836147,100000,150.527,149.609,0.04901236816490806,0.7370528937007039
475,short,2021-04-19,03:00:00,150.182,2021-04-19,14:00:00,150.611,3724.0974334180714,closed,-11.432425150499494,-0.3069851247153468,733.3870615331152,100000,150.611,149.919,0.049594457836732386,0.7448194866836143
476,long,2021-04-20,09:00:00,151.888,2021-04-20,12:00:00,151.685,3666.935307665574,closed,-5.68257157954279,-0.15496787106289042,727.7044899535724,0,151.595,151.951,0.048284727004971745,0.7333870615331148
477,short,2021-04-21,16:00:00,150.281,2021-04-21,17:00:00,150.682,3638.522449767861,closed,-10.484922949082689,-0.2881643055342871,717.2195670044897,100000,150.76,150.281,0.04842292039270248,0.7277044899535722
478,long,2021-04-27,14:00:00,150.523,2021-04-28,04:00:00,151.13,3586.097835022447,closed,13.69645269695901,0.3819319306684024,730.9160197014487,0,150.453,151.327,0.04764850335194551,0.7172195670044894
479,long,2021-04-28,19:00:00,151.47,2021-04-28,20:00:00,151.372,3654.5800985072424,closed,-3.1436578817907637,-0.08601967386280106,727.7723618196579,0,151.348,151.472,0.048254837241793656,0.7309160197014485
480,long,2021-04-28,21:00:00,151.557,2021-04-29,19:00:00,151.834,3638.861809098289,closed,5.8749381530498965,0.1614498835421757,733.6472999727079,0,151.351,152.401,0.04801971283541228,0.7277723618196579
481,short,2021-05-04,14:00:00,151.529,2021-05-04,20:00:00,151.829,3668.2364998635376,closed,-8.0445080788258,-0.21930178381696666,725.6027918938821,100000,151.873,151.027,0.04841629654869415,0.7336472999727075
482,short,2021-05-07,16:00:00,151.561,2021-05-07,18:00:00,151.935,3628.0139594694083,closed,-9.726158665505697,-0.2680849295003301,715.8766332283764,100000,151.941,151.521,0.04787529720006345,0.7256027918938817
483,long,2021-05-12,10:00:00,153.799,2021-05-12,14:00:00,153.683,3579.383166141879,closed,-3.4621052407277184,-0.09672351575758872,712.4145279876486,0,153.607,153.845,0.046546247584729146,0.7158766332283758
484,long,2021-05-12,15:00:00,154.064,2021-05-13,04:00:00,154.142,3562.0726399382397,closed,1.0447611953177107,0.029330148509712176,713.4592891829664,0,153.995,154.438,0.0462414664027708,0.7124145279876479
485,short,2021-05-14,12:00:00,153.761,2021-05-14,13:00:00,153.878,3567.2964459148284,closed,-3.474291210566345,-0.09739283693523731,709.9849979724,100000,153.992,153.706,0.04640053649384211,0.7134592891829658
486,short,2021-05-17,04:00:00,154.018,2021-05-17,18:00:00,154.226,3549.9249898619973,closed,-5.550226059867852,-0.15634769961952397,704.4347719125321,100000,154.261,153.759,0.04609753392281418,0.7099849979723996
487,short,2021-05-20,05:00:00,153.962,2021-05-20,07:00:00,154.102,3522.1738595626584,closed,-3.9529551084757717,-0.11223055039556176,700.4818168040564,100000,154.11,153.96,0.045753807557223976,0.7044347719125317
488,short,2021-05-20,11:00:00,153.704,2021-05-20,15:00:00,154.029,3502.4090840202803,closed,-8.151737284941461,-0.23274657783791483,692.330079519115,100000,154.08,153.704,0.0455734279396799,0.7004818168040561
489,short,2021-06-01,11:00:00,155.491,2021-06-02,03:00:00,155.21,3461.650397595572,closed,5.5189648567098955,0.15943160697404088,697.8490443758249,100000,155.534,154.872,0.044525411729239274,0.6923300795191144
490,long,2021-06-10,15:00:00,155.139,2021-06-11,09:00:00,155.071,3489.245221879121,closed,-2.272225349054728,-0.06512082712922736,695.5768190267702,0,154.886,155.212,0.04498218013367523,0.6978490443758242
491,short,2021-06-14,09:00:00,154.753,2021-06-14,15:00:00,154.862,3477.8840951338475,closed,-3.1901658386896385,-0.09172720399605105,692.3866531880806,100000,154.914,154.343,0.04494754990383189,0.6955768190267695
492,short,2021-06-18,08:00:00,153.016,2021-06-18,13:00:00,153.072,3461.9332659403995,closed,-2.0046162855440643,-0.05790453285931641,690.3820369025365,100000,153.249,152.48,0.045249297667438695,0.6923866531880799
493,short,2021-06-18,17:00:00,152.193,2021-06-21,01:00:00,152.237,3451.9101845126784,closed,-1.7337143090012757,-0.05022478037753557,688.6483225935352,100000,152.533,152.023,0.045362272699962264,0.6903820369025357
494,short,2021-06-21,06:00:00,151.482,2021-06-21,09:00:00,151.889,3443.241612967672,closed,-9.985368855091222,-0.2899990757977916,678.662953738444,100000,151.997,151.396,0.045460736100232005,0.6886483225935345
495,long,2021-06-22,17:00:00,154.088,2021-06-23,05:00:00,154.273,3393.3147686922166,closed,3.351349783597906,0.09876330408597833,682.0143035220419,0,154.054,154.487,0.04404385505285573,0.6786629537384433
496,long,2021-06-23,10:00:00,155.005,2021-06-23,17:00:00,154.757,3410.0715176102062,closed,-6.181952237153337,-0.1812851198348379,675.8323512848885,0,154.624,155.146,0.04399950346905205,0.6820143035220413
497,short,2021-06-25,10:00:00,154.07,2021-06-25,19:00:00,154.078,3379.1617564244393,closed,-0.895158745549037,-0.026490556240676175,674.9371925393395,100000,154.176,153.661,0.04386527885278691,0.6758323512848879
498,short,2021-06-25,21:00:00,153.8,2021-06-28,08:00:00,153.76,3374.6859626966943,closed,0.15886037951881082,0.004707412223680402,675.0960529188584,100000,154.15,153.605,0.04388408273987898,0.6749371925393389
499,short,2021-06-28,18:00:00,153.563,2021-06-29,09:00:00,153.385,3375.480264594289,closed,3.1935736563769073,0.09461094143771431,678.2896265752353,100000,153.643,153.157,0.043962155787452564,0.6750960529188579
500,short,2021-06-29,11:00:00,153.04,2021-06-29,20:00:00,153.041,3391.4481328761735,closed,-0.7447712287618834,-0.021960271824362766,677.5448553464734,100000,153.265,152.634,0.044321068124361915,0.6782896265752347
501,short,2021-06-30,11:00:00,152.832,2021-06-30,12:00:00,153.159,3387.724276732365,closed,-7.970266844491037,-0.23526905360133885,669.5745885019824,100000,153.159,152.829,0.044332656468964164,0.677544855346473
502,short,2021-07-01,05:00:00,153.462,2021-07-01,10:00:00,153.785,3347.8729425099095,closed,-7.759660123134306,-0.2317788116928018,661.8149283788481,100000,153.883,153.431,0.043631295597736375,0.6695745885019819
503,long,2021-07-01,10:00:00,153.785,2021-07-01,11:00:00,153.526,3309.0746418942376,closed,-6.277892449166636,-0.1897174626914108,655.5370359296815,0,153.484,153.965,0.04303507678764818,0.6618149283788476
504,long,2021-07-01,14:00:00,153.938,2021-07-01,18:00:00,153.722,3277.685179648404,closed,-5.297245835337792,-0.1616154555730098,650.2397900943437,0,153.573,153.952,0.042584484398243506,0.6555370359296808
505,long,2021-07-12,19:00:00,153.228,2021-07-12,21:00:00,153.063,3251.1989504717144,closed,-4.193653687873097,-0.12898791343619997,646.0461364064706,0,153.063,153.246,0.04243609458417148,0.650239790094343
506,long,2021-07-12,22:00:00,153.2,2021-07-13,02:00:00,153.213,3230.2306820323497,closed,-0.41411051302283597,-0.012819843342033144,645.6320258934478,0,153.182,153.369,0.042170113342458876,0.64604613640647
507,long,2021-07-13,03:00:00,153.361,2021-07-13,08:00:00,153.23,3228.160129467235,closed,-3.4452049109107787,-0.10672348250207044,642.186820982537,0,153.23,153.492,0.04209884037620041,0.645632025893447
508,short,2021-07-14,17:00:00,152.691,2021-07-15,13:00:00,152.556,3210.9341049126806,closed,2.1546658812288406,0.0671040205382052,644.3414868637659,100000,152.795,151.633,0.042057935371602524,0.6421868209825361
509,long,2021-07-15,13:00:00,152.556,2021-07-15,21:00:00,151.677,3221.7074343188256,closed,-19.249471731724316,-0.5974928550827361,625.0920151320416,0,151.63,152.637,0.042236391021248924,0.6443414868637651
510,short,2021-07-15,21:00:00,151.677,2021-07-16,04:00:00,152.093,3125.460075660203,closed,-9.238410525031068,-0.2955856194413106,615.8536046070105,100000,152.152,151.67,0.041212050286598544,0.6250920151320406
511,short,2021-07-20,15:00:00,148.898,2021-07-20,16:00:00,149.202,3079.268023035047,closed,-6.944051532374546,-0.22550981208612747,608.9095530746359,100000,149.229,148.49,0.04136077076972219,0.6158536046070094
512,long,2021-07-22,13:00:00,151.802,2021-07-22,17:00:00,151.511,3044.5477653731746,closed,-6.485330781084349,-0.2130145847880771,602.4242222935516,0,151.443,151.901,0.0401120902935821,0.6089095530746349
513,long,2021-07-23,15:00:00,152.114,2021-07-23,16:00:00,151.842,3012.121111467752,closed,-6.028099600905237,-0.20012806184834492,596.3961226926464,0,151.832,152.149,0.03960346991687487,0.6024242222935504
514,long,2021-07-23,17:00:00,152.04,2021-07-27,03:00:00,152.389,2981.9806134632267,closed,6.209360736500943,0.20822941331229802,602.6054834291473,0,151.449,152.616,0.03922626431811664,0.5963961226926454
515,long,2021-07-27,18:00:00,152.231,2021-07-28,08:00:00,152.405,3013.0274171457313,closed,2.801699262313085,0.09298618546814157,605.4071826914603,0,152.152,152.616,0.03958493890397792,0.6026054834291463
516,long,2021-07-29,10:00:00,153.131,2021-07-29,18:00:00,152.992,3027.035913457296,closed,-3.3926420586963766,-0.11207802469781428,602.0145406327639,0,152.922,153.428,0.039535246468152055,0.6054071826914592
517,short,2021-08-02,14:00:00,152.224,2021-08-03,03:00:00,151.886,3010.0727031638144,closed,6.042039145139673,0.20072734916964072,608.0565797779036,100000,152.34,151.557,0.03954793860578903,0.6020145406327629
518,short,2021-08-03,16:00:00,151.245,2021-08-03,19:00:00,151.79,3040.2828988895135,closed,-11.60369111772974,-0.38166484842473297,596.4528886601738,100000,151.804,151.214,0.040203416957777294,0.6080565797779027
519,short,2021-08-04,15:00:00,151.617,2021-08-04,17:00:00,152.394,2982.2644433008645,closed,-15.919167368774005,-0.5337946272515716,580.5337212913998,100000,152.515,151.58,0.03933944667551613,0.596452888660173
520,long,2021-08-04,17:00:00,152.394,2021-08-05,15:00:00,152.4,2902.6686064569935,closed,-0.5043451940145464,-0.01737522474638094,580.0293760973854,0,152.006,152.695,0.038094263638424,0.5805337212913987
521,long,2021-08-11,15:00:00,153.132,2021-08-13,11:00:00,152.182,2900.1468804869205,closed,-18.609832619205278,-0.6416858657890037,561.4195434781801,0,152.091,153.296,0.03787773790568817,0.5800293760973841
522,short,2021-08-13,11:00:00,152.182,2021-08-13,15:00:00,152.407,2807.097717390893,closed,-4.748584791981922,-0.16916350159678725,556.6709586861982,100000,152.47,152.099,0.03689132377535968,0.5614195434781787
523,short,2021-08-13,18:00:00,152.088,2021-08-16,13:00:00,151.538,2783.354793430983,closed,9.472249316418555,0.3403177107989999,566.1432080026168,100000,152.198,151.331,0.036601898814252055,0.5566709586861966
524,short,2021-08-16,16:00:00,151.015,2021-08-17,11:00:00,150.953,2830.716040013076,closed,0.5585328996736925,0.019731152534505452,566.7017409022905,100000,151.365,150.526,0.03748920358922062,0.5661432080026152
525,short,2021-08-17,12:00:00,150.863,2021-08-20,03:00:00,149.84,2833.5087045114437,closed,18.609719166186743,0.6567729662011201,585.3114600684772,100000,151.352,149.59,0.037563997859136354,0.5667017409022888
526,short,2021-08-20,05:00:00,149.463,2021-08-20,06:00:00,149.598,2926.5573003423765,closed,-3.2678372366617605,-0.1116614814368903,582.0436228318155,100000,149.616,149.462,0.039160960242232215,0.5853114600684753
527,long,2021-08-24,09:00:00,150.924,2021-08-24,10:00:00,150.578,2910.2181141590677,closed,-7.292413767589215,-0.2505796294823909,574.7512090642263,0,150.53,150.948,0.038565345659524894,0.5820436228318135
528,long,2021-08-31,06:00:00,151.364,2021-08-31,12:00:00,151.335,2873.756045321122,closed,-1.1633088410305066,-0.04048043127824077,573.5879002231958,0,151.27,151.593,0.03797146012686137,0.5747512090642245
529,long,2021-08-31,14:00:00,151.479,2021-08-31,15:00:00,151.239,2867.9395011159704,closed,-5.155354080816483,-0.17975811828702926,568.4325461423794,0,151.085,151.479,0.037865836203248904,0.5735879002231941
530,short,2021-08-31,15:00:00,151.239,2021-09-01,03:00:00,151.368,2842.162730711889,closed,-3.0302533577268953,-0.10661786972936257,565.4022927846524,100000,151.454,151.106,0.037585050558544934,0.5684325461423778
531,long,2021-09-02,10:00:00,151.697,2021-09-03,04:00:00,152.116,2827.0114639232543,closed,7.205771695204753,0.25489007692967636,572.6080644798571,0,151.582,152.228,0.03727181768819758,0.5654022927846509
532,long,2021-09-03,05:00:00,152.303,2021-09-03,06:00:00,152.211,2863.040322399279,closed,-2.339650015757821,-0.08171907316335499,570.2684144640994,0,152.165,152.303,0.03759663726123949,0.5726080644798558
533,short,2021-09-09,03:00:00,151.672,2021-09-09,12:00:00,151.887,2851.34207232049,closed,-4.6497374640814035,-0.16307189197742722,565.6186770000179,100000,151.944,151.434,0.03759879308402988,0.570268414464098
534,short,2021-09-09,22:00:00,151.799,2021-09-10,05:00:00,152.042,2828.093385000084,closed,-5.130094591367084,-0.181397637665594,560.4885824086508,100000,152.054,151.78,0.03726102787238498,0.5656186770000168
535,short,2021-09-15,14:00:00,151.017,2021-09-15,15:00:00,151.203,2802.442912043248,closed,-4.0492300318093815,-0.14448929590708798,556.4393523768414,100000,151.203,150.857,0.03711427073830427,0.5604885824086496
536,short,2021-09-16,08:00:00,151.027,2021-09-16,13:00:00,151.18,2782.196761884202,closed,-3.411826124888424,-0.12263065544572825,553.027526251953,100000,151.295,151.027,0.036843700290467296,0.5564393523768404
537,short,2021-09-16,17:00:00,150.99,2021-09-16,19:00:00,151.251,2765.1376312597586,closed,-5.369447136963287,-0.19418372077620746,547.6580791149897,100000,151.281,150.923,0.036626765100467036,0.5530275262519517
538,short,2021-09-21,16:00:00,149.388,2021-09-22,04:00:00,149.474,2738.290395574943,closed,-2.1607030011338386,-0.07890700725626174,545.4973761138559,100000,149.736,148.977,0.03666011186407132,0.5476580791149886
539,long,2021-09-27,11:00:00,151.978,2021-09-28,10:00:00,152.165,2727.4868805692745,closed,2.774621804986505,0.10172814486306136,548.2719979188424,0,151.811,152.573,0.035893180336223324,0.545497376113855
540,short,2021-09-29,11:00:00,150.316,2021-09-29,20:00:00,150.373,2741.359989594207,closed,-1.6242734840282722,-0.05925064530721145,546.6477244348141,100000,150.61,149.939,0.03647462664778476,0.5482719979188414
541,short,2021-09-30,19:00:00,150.005,2021-10-01,12:00:00,150.002,2733.238622174065,closed,-0.5284267409866911,-0.01933335555482424,546.1192976938274,100000,150.223,149.254,0.03644196689675764,0.546647724434813
542,long,2021-10-08,17:00:00,152.794,2021-10-11,20:00:00,154.207,2730.596488469132,closed,24.6699994322949,0.9034655811091944,570.7892971261224,0,152.697,154.511,0.03574219522323039,0.5461192976938264
543,long,2021-10-12,14:00:00,154.514,2021-10-12,22:00:00,154.418,2853.9464856306063,closed,-2.380895537284358,-0.08342467349237198,568.408401588838,0,154.12,154.823,0.03694094367669734,0.5707892971261213
544,long,2021-10-13,18:00:00,154.852,2021-10-13,21:00:00,154.652,2842.042007944185,closed,-4.2757708225118725,-0.1504471366207844,564.1326307663262,0,154.648,154.895,0.03670655862299725,0.5684084015888371
545,long,2021-10-15,05:00:00,155.917,2021-10-15,21:00:00,157.095,2820.6631538316265,closed,20.710647341308462,0.734247452170063,584.8432781076347,0,155.885,157.421,0.036181598591964015,0.5641326307663254
546,long,2021-10-19,04:00:00,157.146,2021-10-20,09:00:00,157.725,2924.21639053817,closed,10.152132892717884,0.3471744746923293,594.9954110003525,0,156.953,158.224,0.03721655518483665,0.584843278107634
547,long,2021-10-20,20:00:00,157.958,2021-10-21,07:00:00,157.632,2974.9770550017593,closed,-6.772539277348098,-0.22765013484596755,588.2228717230045,0,157.464,158.207,0.03766795040456019,0.5949954110003519
548,short,2021-10-21,07:00:00,157.632,2021-10-25,02:00:00,156.44,2941.1143586150183,closed,21.614921710290123,0.7349228583028873,609.8377934332946,100000,157.722,155.939,0.03731620938153444,0.5882228717230037
549,short,2021-11-05,03:00:00,153.209,2021-11-05,04:00:00,153.37,3049.1889671664694,closed,-3.853888741146148,-0.12639061673922639,605.9839046921484,100000,153.453,153.137,0.03980430610690586,0.6098377934332939
550,short,2021-11-10,21:00:00,152.68,2021-11-11,08:00:00,152.974,3029.9195234607396,closed,-6.480074675875843,-0.21386953104531223,599.5038300162726,100000,153.02,152.592,0.039689802508000256,0.6059839046921479
551,long,2021-11-12,02:00:00,152.64,2021-11-12,17:00:00,152.623,2997.5191500813594,closed,-0.9726226969681429,-0.03244758909852982,598.5312073193044,0,152.471,152.928,0.03927567020546855,0.5995038300162719
552,long,2021-11-16,03:00:00,153.441,2021-11-17,04:00:00,154.193,2992.656036596518,closed,14.029189072445666,0.46878722114689647,612.56039639175,0,153.144,154.32,0.039007254079372757,0.5985312073193036
553,long,2021-11-17,09:00:00,154.497,2021-11-17,11:00:00,154.252,3062.801981958746,closed,-5.509173855189164,-0.17987365450462112,607.0512225365609,0,154.161,154.526,0.0396486919740674,0.6125603963917493
554,short,2021-11-23,09:00:00,153.688,2021-11-23,19:00:00,153.805,3035.2561126828004,closed,-2.957237817516714,-0.09742959762637204,604.0939847190442,100000,153.944,153.308,0.03949893436940816,0.6070512225365601
555,long,2021-11-23,19:00:00,153.805,2021-11-24,05:00:00,153.858,3020.469923595217,closed,0.3974597105662063,0.01315886999772262,604.4914444296104,0,153.728,154.152,0.03927661550138444,0.6040939847190434
556,short,2021-11-26,01:00:00,153.204,2021-12-02,04:00:00,150.423,3022.457222148048,closed,54.220504119324886,1.7939213075376663,658.7119485489353,100000,153.245,149.638,0.03945663588611326,0.6044914444296097
557,long,2021-12-02,04:00:00,150.423,2021-12-03,02:00:00,150.394,3293.5597427446714,closed,-1.337466873162011,-0.040608550554101674,657.3744816757733,0,150.088,150.8,0.04379064029762299,0.6587119485489343
558,short,2021-12-15,16:00:00,150.407,2021-12-15,22:00:00,151.245,3286.8724083788607,closed,-19.014052183100723,-0.5784846449965719,638.3604294926726,100000,151.3,150.3,0.04370637547958354,0.6573744816757722
559,long,2021-12-15,22:00:00,151.245,2021-12-16,18:00:00,151.46,3191.8021474633565,closed,3.856689703799046,0.12083110185460902,642.2171191964716,0,151.126,152.63,0.04220704350508587,0.6383604294926714
560,long,2021-12-22,11:00:00,151.855,2021-12-23,21:00:00,153.586,3211.0855959823516,closed,35.91875878185097,1.1185861512627326,678.1358779783226,0,151.853,153.711,0.04229147009953379,0.6422171191964704
561,long,2021-12-27,06:00:00,153.479,2021-12-27,07:00:00,153.378,3390.6793898916067,closed,-2.9536261871341583,-0.08711015839302282,675.1822517911884,0,153.371,153.479,0.04418427784767436,0.6781358779783213
562,long,2021-12-27,09:00:00,153.514,2021-12-28,03:00:00,154.299,3375.911258955937,closed,16.543693653745027,0.49005120054196777,691.7259454449334,0,153.514,154.492,0.04398180307927533,0.6751822517911874
563,long,2021-12-30,16:00:00,155.498,2021-12-30,19:00:00,155.342,3458.629727224661,closed,-4.20600585194803,-0.1216090239102609,687.5199395929853,0,155.324,155.661,0.04448455577852656,0.6917259454449323
564,long,2021-12-31,10:00:00,155.597,2021-12-31,12:00:00,155.379,3437.59969796492,closed,-5.547973120260628,-0.1613909008528556,681.9719664727247,0,155.379,155.597,0.04418593800606593,0.687519939592984
565,long,2021-12-31,17:00:00,155.969,2022-01-03,03:00:00,155.751,3409.8598323636156,closed,-5.4917044333088185,-0.16105367092177889,676.480262039416,0,155.616,155.991,0.043724840607603,0.6819719664727232
566,long,2022-01-05,19:00:00,157.601,2022-01-06,03:00:00,157.111,3382.401310197072,closed,-11.235686387742868,-0.33218076027436955,665.2445756516731,0,157.074,157.759,0.04292360213700512,0.6764802620394144
567,long,2022-01-12,15:00:00,157.58,2022-01-12,17:00:00,157.204,3326.2228782583566,closed,-8.644126717939237,-0.25987815712654194,656.6004489337339,0,157.157,157.67,0.042216307631150606,0.6652445756516714
568,short,2022-01-14,15:00:00,155.609,2022-01-14,20:00:00,156.009,3283.00224466866,closed,-9.137902316799513,-0.2783398132498616,647.4625466169343,100000,156.048,155.528,0.04219553168092668,0.656600448933732
569,short,2022-01-17,14:00:00,156.316,2022-01-18,04:00:00,156.716,3237.3127330846614,closed,-8.972904079793652,-0.2771713708129722,638.4896425371406,100000,156.731,156.265,0.04142010713023186,0.6474625466169324
570,short,2022-01-19,07:00:00,155.491,2022-01-19,11:00:00,155.912,3192.4482126856924,closed,-9.323272645836514,-0.29204146863805125,629.1663698913042,100000,155.974,155.433,0.04106280379810654,0.6384896425371385
571,short,2022-01-19,21:00:00,155.669,2022-01-20,05:00:00,155.888,3145.8318494565106,closed,-5.095237576938756,-0.16196789341487006,624.0711323143654,100000,155.926,155.467,0.04041693400043053,0.6291663698913021
572,short,2022-01-24,11:00:00,153.664,2022-01-24,22:00:00,153.73,3120.355661571816,closed,-2.004903239944591,-0.06425239483548685,622.0662290744208,100000,153.755,152.92,0.04061270904794638,0.6240711323143633
573,short,2022-01-26,22:00:00,154.271,2022-01-27,12:00:00,154.395,3110.3311453720926,closed,-3.1624122715383765,-0.10167445598979956,618.9038168028824,100000,154.673,153.836,0.040322953054975894,0.6220662290744186
574,long,2022-01-27,12:00:00,154.395,2022-01-27,20:00:00,154.207,3094.5190840144005,closed,-4.427049326455314,-0.1430609799540248,614.4767674764271,0,154.042,154.722,0.04008574220686422,0.6189038168028801
575,long,2022-02-07,08:00:00,156.009,2022-02-07,11:00:00,155.471,3072.383837382124,closed,-11.249038056801357,-0.3661338768917066,603.2277294196257,0,155.471,156.141,0.039387264034538065,0.6144767674764249
576,long,2022-02-09,13:00:00,156.726,2022-02-09,16:00:00,156.539,3016.1386470981165,closed,-4.240468546524504,-0.14059262662226546,598.9872608731011,0,156.506,156.834,0.03848932081592226,0.6032277294196233
577,long,2022-02-11,14:00:00,157.465,2022-02-11,16:00:00,157.294,2994.9363043654944,closed,-3.8893945301406023,-0.1298656844378067,595.0978663429605,0,157.244,157.56,0.03803939039615781,0.598987260873099
578,long,2022-02-11,17:00:00,157.638,2022-02-11,20:00:00,156.582,2975.489331714791,closed,-20.565331648516565,-0.6911579695251218,574.5325346944439,0,156.469,157.703,0.0377509145220669,0.5950978663429582
579,short,2022-02-11,20:00:00,156.582,2022-02-14,15:00:00,156.258,2872.6626734722095,closed,5.332898593136376,0.1856430496480974,579.8654332875803,100000,156.869,155.341,0.03669211880640444,0.5745325346944419
580,short,2022-02-15,08:00:00,156.021,2022-02-15,10:00:00,156.816,2899.3271664378904,closed,-15.390459851032913,-0.5308286704994943,564.4749734365474,100000,156.825,156.004,0.037165858011907256,0.5798654332875781
581,long,2022-02-15,10:00:00,156.816,2022-02-16,15:00:00,156.488,2822.374867182725,closed,-6.503816023905296,-0.2304377104377123,557.9711574126421,0,156.235,157.089,0.03599600636647696,0.5644749734365451
582,short,2022-02-17,22:00:00,156.49,2022-02-18,04:00:00,156.741,2789.8557870632,closed,-5.068377663432212,-0.18167167231133285,552.9027797492099,100000,156.852,156.231,0.03565538739936353,0.55797115741264
583,short,2022-02-18,15:00:00,156.587,2022-02-21,04:00:00,156.571,2764.513898746038,closed,-0.3057354249725019,-0.011059283337702917,552.5970443242375,100000,156.657,156.116,0.03530962211098033,0.5529027797492077
584,long,2022-02-28,12:00:00,154.981,2022-02-28,19:00:00,154.152,2762.985221621175,closed,-15.367579004482046,-0.5561947593576037,537.2294653197554,0,154.092,154.982,0.0356557929245672,0.552597044324235
585,short,2022-03-07,22:00:00,151.103,2022-03-10,06:00:00,152.991,2686.147326598764,closed,-34.13562557440877,-1.2708024327776453,503.0938397453466,100000,152.991,151.026,0.03555385831649621,0.5372294653197528
586,long,2022-03-10,06:00:00,152.991,2022-03-10,08:00:00,152.956,2515.469198726721,closed,-1.1114457058874807,-0.04418442914944344,501.9823940394591,0,152.926,153.002,0.03288388465630947,0.5030938397453443
587,long,2022-03-11,05:00:00,152.452,2022-03-11,22:00:00,152.848,2509.9119701972836,closed,5.984684335539476,0.23844200141684924,507.9670783749986,0,152.408,153.409,0.032927242282125305,0.5019823940394568
588,long,2022-03-15,05:00:00,154.387,2022-03-15,09:00:00,153.762,2539.835391874981,closed,-10.822804407331533,-0.42612227713473283,497.14427396766706,0,153.585,154.497,0.03290219243686296,0.5079670783749962
589,short,2022-03-15,09:00:00,153.762,2022-03-15,16:00:00,154.404,2485.721369838324,closed,-10.908068703773925,-0.4388290995174333,486.2362052638931,100000,154.464,153.296,0.032332063446603505,0.4971442739676648
590,long,2022-03-15,16:00:00,154.404,2022-03-16,12:00:00,154.487,2431.181026319454,closed,0.7891560328379194,0.03245978083469237,487.02536129673103,0,154.136,154.697,0.03149116637288482,0.4862362052638908
591,long,2022-03-16,13:00:00,154.83,2022-03-17,07:00:00,156.309,2435.1268064836427,closed,22.742854462873673,0.9339494929923043,509.7682157596047,0,154.67,156.561,0.03145549062176119,0.4870253612967286
592,long,2022-03-18,05:00:00,156.315,2022-03-18,13:00:00,156.294,2548.8410787980115,closed,-0.8848016086670013,-0.034713879026316466,508.8834141509377,0,156.088,156.552,0.03261159938327111,0.5097682157596023
593,long,2022-03-18,14:00:00,156.443,2022-03-21,02:00:00,156.896,2544.4170707546764,closed,6.826261647694556,0.26828391171223676,515.7096757986322,0,156.403,157.233,0.03252835947603506,0.5088834141509353
594,long,2022-03-21,16:00:00,157.249,2022-03-23,04:00:00,160.847,2578.5483789931495,closed,58.451024426544784,2.2668189940794616,574.160700225177,0,157.166,161.113,0.03279573643066919,0.5157096757986299
595,long,2022-03-25,16:00:00,161.182,2022-03-28,03:00:00,160.852,2870.8035011258744,closed,-6.487393954395893,-0.22597833504980958,567.6733062707812,0,160.69,161.182,0.035621887073319286,0.574160700225175
596,long,2022-03-29,14:00:00,162.256,2022-03-29,15:00:00,161.525,2838.366531353895,closed,-13.390143153194094,-0.4717552509614403,554.283163117587,0,161.081,162.342,0.034986275162137544,0.567673306270779
597,short,2022-04-05,03:00:00,160.704,2022-04-05,10:00:00,161.34,2771.415815587925,closed,-11.55689224780175,-0.4170031859816779,542.7262708697853,100000,161.487,160.625,0.03449093756954307,0.554283163117585
598,long,2022-04-06,05:00:00,161.966,2022-04-06,06:00:00,161.793,2713.6313543489155,closed,-3.474733525547093,-0.1280473679661175,539.2515373442382,0,161.774,161.966,0.03350865433916891,0.5427262708697831
599,long,2022-04-06,12:00:00,162.217,2022-04-06,16:00:00,162.032,2696.2576867211806,closed,-3.647434942393441,-0.13527768359666514,535.6041024018447,0,161.956,162.269,0.033242603262557936,0.5392515373442361
600,long,2022-04-07,09:00:00,162.066,2022-04-07,18:00:00,161.685,2678.0205120092137,closed,-6.8643951881294445,-0.25632347315291315,528.7397072137152,0,161.65,162.26,0.033048517418943074,0.5356041024018428
601,long,2022-04-20,01:00:00,168.226,2022-04-20,05:00:00,167.8,2643.698536068566,closed,-7.2548282633067895,-0.2744196497568674,521.4848789504084,0,167.603,168.434,0.031430320355576025,0.5287397072137132
602,short,2022-04-21,12:00:00,167.32,2022-04-21,16:00:00,167.78,2607.4243947520313,closed,-7.721043033238352,-0.29611761893378435,513.76383591717,100000,167.78,166.995,0.031166918416830402,0.5214848789504063
603,short,2022-04-25,05:00:00,164.29,2022-04-25,07:00:00,164.518,2568.8191795858393,closed,-4.110016872040884,-0.15999634792136383,509.6538190451291,100000,164.553,164.271,0.0312717655315094,0.5137638359171679
604,short,2022-04-25,09:00:00,163.084,2022-04-25,21:00:00,163.031,2548.269095225635,closed,0.28724669759967214,0.0112722278089802,509.9410657427288,100000,163.737,162.084,0.03125100065273889,0.509653819045127
605,short,2022-04-26,14:00:00,161.809,2022-04-27,04:00:00,160.414,2549.7053287136328,closed,21.44025653079465,0.8408915449696927,531.3813222735234,100000,161.896,159.724,0.031515000138603325,0.5099410657427266
606,short,2022-05-05,14:00:00,161.136,2022-05-06,02:00:00,161.123,2656.906611367606,closed,-0.35000675218950794,-0.013173468374537515,531.0313155213339,100000,161.5,160.503,0.032977194560714004,0.5313813222735212
607,short,2022-05-09,08:00:00,160.899,2022-05-09,09:00:00,161.007,2655.156577606658,closed,-2.346252190335614,-0.08836586927203034,528.6850633309983,100000,161.074,160.763,0.033004015905713,0.5310313155213316
608,short,2022-05-09,17:00:00,160.645,2022-05-10,05:00:00,161.241,2643.4253166549797,closed,-10.368819143817083,-0.3922493697282851,518.3162441871813,100000,161.276,160.12,0.03291014742637467,0.528685063330996
609,short,2022-05-10,11:00:00,160.488,2022-05-10,21:00:00,160.585,2591.5812209358933,closed,-2.1169811965367327,-0.08168685509197474,516.1992629906446,100000,160.797,160.082,0.03229626166362461,0.5183162441871787
610,short,2022-05-11,13:00:00,160.236,2022-05-11,16:00:00,161.323,2580.9963149532086,closed,-18.057232407752682,-0.6996225567288361,498.1420305828919,100000,161.323,159.98,0.032214936904980264,0.5161992629906418
611,short,2022-05-11,19:00:00,159.698,2022-05-12,22:00:00,156.622,2490.710152914446,closed,47.445119688781105,1.9048832170722199,545.587150271673,100000,159.698,155.656,0.031192753233158163,0.49814203058288925
612,short,2022-05-16,05:00:00,158.027,2022-05-16,14:00:00,158.752,2727.935751358351,closed,-13.09540010146092,-0.48004796648675413,532.4917501702121,100000,158.753,157.482,0.0345249324654439,0.5455871502716702
613,long,2022-05-16,14:00:00,158.752,2022-05-16,16:00:00,158.024,2662.4587508510444,closed,-12.775454913603019,-0.47983672646644365,519.7162952566091,0,157.966,158.861,0.03354236483132237,0.5324917501702089
614,short,2022-05-20,06:00:00,158.871,2022-05-20,10:00:00,159.605,2598.5814762830296,closed,-12.558137193622319,-0.48326894146822297,507.1581580629868,100000,159.98,158.801,0.032713100267299,0.5197162952566059
615,long,2022-05-23,08:00:00,160.468,2022-05-24,02:00:00,160.639,2535.790790314918,closed,2.163459308118895,0.08531694792732551,509.3216173711057,0,160.063,161.045,0.03160494042818404,0.5071581580629836
616,short,2022-05-25,14:00:00,158.612,2022-05-25,16:00:00,159.332,2546.6080868555127,closed,-12.101452343354495,-0.47519885002395723,497.2201650277512,100000,159.361,158.443,0.032111165445937416,0.5093216173711026
617,long,2022-05-26,19:00:00,160.165,2022-05-27,09:00:00,160.297,2486.1008251387398,closed,1.520655820787184,0.06116629725595791,498.74082084853836,0,159.971,160.629,0.031044245935613148,0.49722016502774796
618,long,2022-05-27,22:00:00,160.572,2022-05-30,07:00:00,160.621,2493.7041042426754,closed,0.2311753096064768,0.009270358468479303,498.97199615814486,0,160.365,160.812,0.031060260870421682,0.4987408208485351
619,long,2022-05-30,10:00:00,160.751,2022-05-31,01:00:00,161.42,2494.8599807907076,closed,9.852886512886025,0.39492743435498545,508.8248826710309,0,160.649,161.519,0.031040055499383615,0.49897199615814153
620,long,2022-05-31,03:00:00,161.677,2022-05-31,06:00:00,161.593,2544.124413355138,closed,-1.862107659742287,-0.07319247635718328,506.9627750112886,0,161.515,161.788,0.031471692490028125,0.5088248826710277
621,long,2022-05-31,16:00:00,162.076,2022-06-01,14:00:00,162.874,2534.813875056426,closed,11.942208259225245,0.4711276191416385,518.9049832705139,0,161.947,163.319,0.031279324206624375,0.5069627750112852
622,long,2022-06-02,10:00:00,162.747,2022-06-03,04:00:00,163.216,2594.5249163525523,closed,6.926044145970745,0.26694845373493464,525.8310274164846,0,162.611,163.502,0.03188415044642976,0.5189049832705105
623,long,2022-06-03,13:00:00,163.563,2022-06-03,14:00:00,163.462,2629.155137082405,closed,-2.1814804048397693,-0.08297267719471953,523.6495470116448,0,163.457,163.585,0.03214853160045249,0.525831027416481
624,long,2022-06-03,15:00:00,163.585,2022-06-03,20:00:00,163.588,2618.2477350582053,closed,-0.507644120260892,-0.019388697007680474,523.1419028913839,0,163.52,164.077,0.03201085350194951,0.5236495470116411
625,long,2022-06-06,10:00:00,164.085,2022-06-07,08:00:00,165.436,2615.7095144569007,closed,20.981518090419144,0.8021348691227105,544.1234209818031,0,163.924,166.135,0.031882372117584185,0.5231419028913802
626,long,2022-06-07,18:00:00,166.928,2022-06-08,06:00:00,167.229,2720.617104908997,closed,4.329022572307727,0.15911914118662904,548.4524435541108,0,166.67,167.438,0.0325962942694934,0.5441234209817994
627,long,2022-06-08,14:00:00,168.162,2022-06-08,19:00:00,168.217,2742.2622177705352,closed,0.3158325764971357,0.011517227435453208,548.7682761306079,0,167.769,168.526,0.032614529058533265,0.548452443554107
628,long,2022-06-09,17:00:00,168.461,2022-06-10,03:00:00,167.517,2743.8413806530207,closed,-15.956927708271001,-0.5815543063379754,532.8113484223369,0,167.387,168.461,0.03257538991995798,0.5487682761306042
629,short,2022-06-13,11:00:00,164.159,2022-06-16,19:00:00,163.207,2664.0567421116657,closed,14.884277601961609,0.558707228967037,547.6956260242985,100000,164.438,160.029,0.032457029369229416,0.5328113484223331
630,long,2022-06-20,15:00:00,165.48,2022-06-20,16:00:00,165.25,2738.478130121473,closed,-4.386992980315772,-0.16019821126419492,543.3086330439827,0,165.103,165.48,0.03309739098527282,0.5476956260242947
631,long,2022-06-20,17:00:00,165.376,2022-06-20,20:00:00,165.332,2716.5431652198936,closed,-1.298926047905539,-0.04781540247678692,542.0097069960772,0,165.317,165.525,0.03285293108092944,0.5433086330439787
632,long,2022-06-21,09:00:00,165.924,2022-06-22,02:00:00,167.192,2710.048534980365,closed,20.135658654935554,0.7429999276777323,562.1453656510128,0,165.896,167.915,0.032666142751866696,0.542009706996073
633,long,2022-06-22,18:00:00,167.067,2022-06-23,02:00:00,166.633,2810.726828255042,closed,-7.897387496767216,-0.2809731425116855,554.2479781542455,0,166.487,167.449,0.033647899684019496,0.5621453656510085
634,long,2022-06-28,09:00:00,166.459,2022-06-28,17:00:00,166.25,2771.2398907712054,closed,-4.067014587065343,-0.14675794039373252,550.1809635671801,0,166.118,166.923,0.03329636596124218,0.5542479781542411
635,short,2022-07-06,07:00:00,161.541,2022-07-06,09:00:00,161.886,2750.9048178358785,closed,-6.45929364572865,-0.2348061482843358,543.7216699214515,100000,161.993,160.915,0.034058286352515815,0.5501809635671757
636,short,2022-07-06,14:00:00,160.94,2022-07-06,17:00:00,161.574,2718.6083496072342,closed,-11.287072672470476,-0.41517832732696325,532.434597248981,100000,161.932,160.424,0.03378412264952447,0.5437216699214469
637,long,2022-07-08,16:00:00,163.28,2022-07-11,10:00:00,163.616,2662.172986244882,closed,4.913215680836671,0.18455658990691617,537.3478129298177,0,163.087,164.455,0.03260868429991281,0.5324345972489765
638,long,2022-07-14,05:00:00,163.865,2022-07-14,16:00:00,164.162,2686.739064649066,closed,4.299487533675421,0.16002624111310962,541.6473004634931,0,163.788,165.167,0.03279210404478158,0.5373478129298133
639,long,2022-07-19,11:00:00,165.559,2022-07-20,09:00:00,165.938,2708.236502317443,closed,5.625369662514366,0.20771338314437188,547.2726701260075,0,165.143,166.228,0.032716270360626035,0.5416473004634886
640,long,2022-07-21,02:00:00,165.667,2022-07-21,11:00:00,165.555,2736.3633506300152,closed,-2.4302392354154536,-0.08881273880736343,544.842430890592,0,165.176,165.927,0.033034501145430474,0.5472726701260031
641,short,2022-07-21,16:00:00,165.055,2022-07-22,07:00:00,164.859,2724.212154452939,closed,2.6571033324238504,0.09753657871618428,547.4995342230159,100000,165.198,164.386,0.0330097501372626,0.5448424308905878
642,short,2022-07-22,12:00:00,164.199,2022-07-25,01:00:00,163.6,2737.497671115059,closed,9.405582455653537,0.3435832130524656,556.9051166786694,100000,164.229,163.017,0.03334365825754187,0.5474995342230118
643,long,2022-07-26,21:00:00,164.412,2022-07-27,12:00:00,164.949,2784.5255833933265,closed,8.503997902051395,0.305402038780628,565.4091145807208,0,164.407,165.265,0.03387253464945778,0.5569051166786654
644,long,2022-07-27,19:00:00,165.368,2022-07-28,03:00:00,165.425,2827.0455729035825,closed,0.3748423639988352,0.013259155338406683,565.7839569447196,0,165.256,166.318,0.03419096285742807,0.5654091145807165
645,short,2022-07-29,06:00:00,162.348,2022-07-29,15:00:00,162.431,2828.919784723578,closed,-2.046912037989752,-0.07235666592751275,563.7370449067299,100000,162.65,161.576,0.034850072495177985,0.5657839569447156
646,short,2022-08-01,04:00:00,161.411,2022-08-01,11:00:00,161.873,2818.6852245336286,closed,-8.666468235368173,-0.3074649187477861,555.0705766713618,100000,161.873,161.101,0.03492556547612776,0.5637370449067257
647,long,2022-08-03,10:00:00,162.409,2022-08-03,12:00:00,162.077,2775.3528833567884,closed,-6.262684459160319,-0.22565362756989676,548.8078922122014,0,161.96,162.602,0.0341773286376591,0.5550705766713577
648,long,2022-08-03,13:00:00,162.473,2022-08-03,16:00:00,162.304,2744.039461060986,closed,-3.4368615863118883,-0.12524825663341668,545.3710306258895,0,162.279,162.897,0.033778405778941555,0.5488078922121973
649,long,2022-08-03,17:00:00,162.733,2022-08-03,22:00:00,162.703,2726.855153129427,closed,-1.0815828923880648,-0.03966411238040295,544.2894477335014,0,162.462,163.005,0.033513241360135025,0.5453710306258854
650,long,2022-08-04,10:00:00,163.228,2022-08-04,14:00:00,161.703,2721.4472386674856,closed,-26.00346271117645,-0.9555012620383793,518.285985022325,0,161.48,163.666,0.03334534808571429,0.5442894477334972
651,short,2022-08-04,14:00:00,161.703,2022-08-05,06:00:00,161.79,2591.429925111604,closed,-1.9445876821763903,-0.07503917676232914,516.3413973401487,100000,162.028,161.152,0.03205172353155605,0.5182859850223208
652,long,2022-08-09,08:00:00,163.254,2022-08-09,18:00:00,163.134,2581.7069867007217,closed,-2.445655548157275,-0.09473017506462603,513.8957417919914,0,162.722,163.678,0.03162810083306653,0.5163413973401444
653,long,2022-08-10,12:00:00,163.155,2022-08-10,15:00:00,162.713,2569.4787089599345,closed,-7.506317345654753,-0.2921338604394639,506.3894244463367,0,162.453,163.498,0.031497394611993926,0.5138957417919869
654,short,2022-08-10,15:00:00,162.713,2022-08-11,05:00:00,162.382,2531.947122231661,closed,4.613119177903746,0.1821965055035485,511.00254362424045,100000,162.897,161.751,0.031121632841034967,0.5063894244463323
655,short,2022-08-11,10:00:00,161.909,2022-08-11,11:00:00,162.234,2555.01271812118,closed,-5.671241683052368,-0.22196530149653018,505.3313019411881,100000,162.298,161.909,0.03156109565399305,0.511002543624236
656,short,2022-08-11,13:00:00,161.892,2022-08-11,18:00:00,162.251,2526.6565097059174,closed,-6.139476287510938,-0.242988164949478,499.19182565367714,100000,162.325,161.359,0.03121409964304496,0.5053313019411835
657,long,2022-08-17,10:00:00,163.081,2022-08-17,17:00:00,163.163,2495.959128268363,closed,0.7252103441976536,0.029055377389163712,499.9170359978748,0,162.808,163.533,0.030610054246274714,0.49919182565367265
658,long,2022-08-18,12:00:00,163.188,2022-08-18,15:00:00,162.587,2499.585179989351,closed,-9.73619582814911,-0.3895124641517753,490.1808401697257,0,162.445,163.241,0.03063442385456469,0.49991703599787024
659,short,2022-08-18,15:00:00,162.587,2022-08-19,04:00:00,162.298,2450.904200848605,closed,3.8361767754054386,0.15652087805297304,494.0170169451311,100000,162.623,161.7,0.030148833558016386,0.490180840169721
660,short,2022-08-19,14:00:00,162.157,2022-08-22,01:00:00,161.983,2470.0850847256324,closed,2.126003300234058,0.08607004322971352,496.14302024536516,100000,162.301,161.657,0.030465352525338187,0.4940170169451265
661,short,2022-08-22,10:00:00,161.407,2022-08-23,12:00:00,161.785,2480.7151012268023,closed,-6.3364828968687394,-0.25542969016212796,489.8065373484964,100000,162.163,160.822,0.030738630929597874,0.4961430202453605
662,long,2022-08-26,04:00:00,161.618,2022-08-26,19:00:00,161.412,2449.0326867424583,closed,-3.6416757526735424,-0.14869853605414549,486.16486159582286,0,161.23,162.646,0.030306434762742494,0.48980653734849167
663,long,2022-08-29,05:00:00,161.657,2022-08-30,02:00:00,162.528,2430.824307979091,closed,12.580923625966017,0.5175579158341308,498.7457852217889,0,161.561,162.646,0.030073851524884055,0.48616486159581823
664,short,2022-08-31,21:00:00,161.134,2022-08-31,22:00:00,161.36,2493.728926108921,closed,-4.027300870758683,-0.1614971390271622,494.7184843510302,100000,161.382,161.134,0.0309522375924252,0.4987457852217842
665,short,2022-09-02,16:00:00,161.608,2022-09-05,10:00:00,161.356,2473.5924217551283,closed,3.3318130328932054,0.13469531211326763,498.0502973839234,100000,162.356,160.679,0.030612252137952677,0.49471848435102567
666,long,2022-09-07,09:00:00,165.654,2022-09-07,13:00:00,165.604,2490.2514869195943,closed,-1.27975841985471,-0.05139073007593113,496.7705389640687,0,165.304,166.002,0.030065697018117215,0.49805029738391887
667,short,2022-09-09,07:00:00,165.519,2022-09-09,20:00:00,165.332,2483.8526948203207,closed,2.279422819754806,0.09176964578085405,499.0499617838235,100000,165.8,164.332,0.030012901175337222,0.49677053896406415
668,short,2022-09-15,15:00:00,164.959,2022-09-16,08:00:00,164.419,2495.249808919094,closed,7.638998869734636,0.3061416473184198,506.6889606535581,100000,165.118,164.006,0.030252969633898046,0.49904996178381883
669,short,2022-09-16,09:00:00,163.977,2022-09-16,18:00:00,163.314,2533.4448032677674,closed,9.70576165717713,0.3831053135500777,516.3947223107352,100000,164.038,162.771,0.030900001869381286,0.5066889606535535
670,short,2022-09-16,19:00:00,163.02,2022-09-16,21:00:00,163.153,2581.9736115536534,closed,-2.654576770891856,-0.10281192491717664,513.7401455398434,100000,163.153,162.83,0.03167677109009512,0.5163947223107307
671,short,2022-09-21,21:00:00,162.8,2022-09-22,07:00:00,162.82,2568.700727699195,closed,-0.8608618654989026,-0.03351351351350234,512.8792836743445,100000,163.135,161.993,0.031556519996304606,0.513740145539839
672,short,2022-09-22,12:00:00,161.722,2022-09-26,10:00:00,153.557,2564.3964183717003,closed,128.92633098560404,5.02755073521229,641.8056146599486,100000,161.927,149.432,0.031713637209182424,0.5128792836743401
673,short,2022-09-27,18:00:00,155.585,2022-09-28,12:00:00,154.607,3209.02807329972,closed,19.4887429571211,0.607309830639206,661.2943576170696,100000,155.585,153.818,0.04125112412250178,0.641805614659944
674,short,2022-09-28,14:00:00,153.14,2022-09-28,17:00:00,155.394,3306.4717880853254,closed,-49.37097408806344,-1.4931618127203992,611.9233835290062,100000,155.524,153.065,0.04318234018656557,0.6612943576170651
675,long,2022-09-28,17:00:00,155.394,2022-09-29,04:00:00,155.876,2530.128907804345,closed,7.309345955739696,0.2888922352214367,619.2327294847458,0,155.11,157.05,0.032564048905419064,0.5060257815608691
676,long,2022-09-29,12:00:00,157.261,2022-09-30,06:00:00,160.411,3096.1636474237057,closed,61.35877301949208,1.981767761873577,680.591502504238,0,156.619,161.697,0.03937611546948965,0.6192327294847412
677,long,2022-10-03,09:00:00,162.247,2022-10-04,04:00:00,163.659,3402.957512521166,closed,28.892652333466646,0.8490453444439512,709.4841548377046,0,162.067,164.032,0.04194786359712248,0.6805915025042332
678,long,2022-10-04,09:00:00,164.51,2022-10-04,13:00:00,164.207,3547.4207741884993,closed,-7.2863690623052255,-0.20539906388669216,702.1977857753994,0,164.057,165.199,0.04312711414732843,0.7094841548376999
679,long,2022-10-04,19:00:00,165.219,2022-10-05,01:00:00,165.285,3510.9889288769728,closed,0.6578352095104686,0.018736464934421885,702.8556209849099,0,164.87,165.594,0.042501031102681566,0.7021977857753946
680,short,2022-10-06,11:00:00,163.305,2022-10-07,02:00:00,161.907,3514.278104924524,closed,29.338675467926166,0.8348421664982678,732.194296452836,100000,163.715,161.309,0.04303944282078962,0.7028556209849048
681,short,2022-10-07,03:00:00,161.614,2022-10-07,04:00:00,161.949,3660.971482264156,closed,-8.36610837272747,-0.2285215389755887,723.8281880801086,100000,161.949,161.571,0.04530512804910659,0.7321942964528312
682,short,2022-10-07,18:00:00,161.387,2022-10-10,03:00:00,161.342,3619.1409404005185,closed,0.24045679421200794,0.006644029568668784,724.0686448743206,100000,161.603,160.799,0.0448504642926694,0.7238281880801037
683,short,2022-10-11,07:00:00,160.713,2022-10-11,13:00:00,161.224,3620.3432243715793,closed,-12.280296666892477,-0.33920255362042634,711.7883482074282,100000,161.328,160.356,0.045053520553677416,0.7240686448743159
684,short,2022-10-11,22:00:00,160.231,2022-10-12,08:00:00,161.042,3558.9417410371175,closed,-18.769590118546507,-0.5273924521472169,693.0187580888817,100000,161.157,159.757,0.044422636581399576,0.7117883482074235
685,long,2022-10-12,08:00:00,161.042,2022-10-13,04:00:00,162.897,3465.0937904443845,closed,39.17744232469331,1.1306315122762942,732.196200413575,0,160.152,163.315,0.04303341725070956,0.6930187580888769
686,long,2022-10-13,13:00:00,163.744,2022-10-14,03:00:00,166.618,3660.9810020678515,closed,63.47985088490775,1.7339573969122508,795.6760512984827,0,163.744,167.21,0.044715910226546945,0.7321962004135704
687,long,2022-10-17,02:00:00,167.106,2022-10-18,01:00:00,169.258,3978.3802564923894,closed,50.3905024908167,1.2666084999940252,846.0665537892994,0,166.676,170.103,0.04761504980661843,0.795676051298478
688,short,2022-10-25,06:00:00,168.231,2022-10-25,11:00:00,168.536,4230.332768946473,closed,-8.565881332674257,-0.20248717537196284,837.5006724566251,100000,168.696,167.867,0.050291952956904175,0.8460665537892946
689,long,2022-10-26,11:00:00,170.524,2022-10-26,14:00:00,170.104,4187.503362283103,closed,-11.200419785797953,-0.26747249654006916,826.3002526708271,0,169.988,170.572,0.04911336072673762,0.8375006724566207
690,long,2022-10-27,15:00:00,169.658,2022-10-27,17:00:00,169.098,4131.501263354114,closed,-14.51208995905015,-0.3512546416909158,811.788162711777,0,169.042,169.759,0.048703877958647564,0.8263002526708227
691,short,2022-10-27,17:00:00,169.098,2022-11-01,07:00:00,170.68,4058.9408135588633,closed,-38.83330378487887,-0.9567349111166267,772.954858926898,100000,172.132,168.802,0.04800696416940311,0.8117881627117727
692,short,2022-11-01,09:00:00,170.389,2022-11-01,20:00:00,170.148,3864.7742946344692,closed,4.648058565752467,0.12026727077452995,777.6029174926505,100000,170.585,169.535,0.04536412907681211,0.7729548589268939
693,short,2022-11-02,02:00:00,169.433,2022-11-02,06:00:00,169.865,3888.014587463231,closed,-10.736691943592081,-0.2761484480591245,766.8662255490584,100000,169.989,169.377,0.04589441947511088,0.7776029174926462
694,short,2022-11-02,08:00:00,169.558,2022-11-03,06:00:00,168.15,3834.33112774527,closed,31.027974275104413,0.8092147819625068,797.8941998241628,100000,169.581,167.908,0.04522736913322014,0.766866225549054
695,short,2022-11-03,10:00:00,166.77,2022-11-04,00:00:00,165.436,3989.4709991207924,closed,31.066202285328494,0.7787048030221282,828.9604021094913,100000,167.16,165.145,0.04784398871644531,0.7978941998241585
696,short,2022-11-09,01:00:00,167.855,2022-11-09,07:00:00,168.166,4144.802010547435,closed,-8.557792008563727,-0.20647046558041585,820.4026101009275,100000,168.233,167.714,0.04938550547254995,0.8289604021094871
697,short,2022-11-10,16:00:00,165.654,2022-11-11,03:00:00,165.864,4102.013050504615,closed,-6.070060129430436,-0.1479775918480737,814.3325499714971,100000,166.066,164.45,0.04952507093706902,0.8204026101009231
698,short,2022-11-11,11:00:00,164.631,2022-11-15,04:00:00,165.174,4071.662749857462,closed,-14.293301873320939,-0.35104336364354605,800.0392480981761,100000,165.711,163.155,0.04946410760862125,0.8143325499714925
699,long,2022-11-15,04:00:00,165.174,2022-11-15,11:00:00,164.791,4000.196240490857,closed,-10.123997937655965,-0.2530875319360249,789.9152501605201,0,164.564,165.547,0.04843614903666263,0.8000392480981714
700,long,2022-11-18,22:00:00,166.862,2022-11-21,01:00:00,166.729,3949.576250802577,closed,-3.9853269907501896,-0.10090517913004839,785.92992316977,0,166.658,167.178,0.04733943319392764,0.7899152501605154
701,short,2022-11-28,21:00:00,165.989,2022-11-29,04:00:00,166.424,3929.6496158488253,closed,-11.131536452071954,-0.283270457680932,774.798386717698,100000,166.617,165.851,0.04734831363341939,0.7859299231697651
702,short,2022-11-29,12:00:00,165.718,2022-11-29,14:00:00,166.033,3873.9919335884656,closed,-8.185311686103004,-0.21128881594033103,766.613075031595,100000,166.07,165.571,0.04675402712545971,0.7747983867176932
703,short,2022-11-30,20:00:00,166.085,2022-12-01,12:00:00,165.688,3833.0653751579507,closed,8.349567333719751,0.2178300267935213,774.9626423653148,100000,166.709,164.56,0.04615787548734625,0.7666130750315902
704,long,2022-12-12,10:00:00,167.736,2022-12-13,04:00:00,168.968,3874.8132118265494,closed,27.63885580177699,0.7132951781370721,802.6014981670918,0,167.716,169.184,0.046201330803483445,0.7749626423653099
705,short,2022-12-14,13:00:00,166.981,2022-12-14,17:00:00,167.268,4013.0074908354345,closed,-7.74805735752513,-0.19307358322204693,794.8534408095667,100000,167.325,166.777,0.04806543847306501,0.8026014981670869
706,short,2022-12-20,05:00:00,162.035,2022-12-20,22:00:00,160.407,3974.267204047808,closed,39.08639736168175,0.9834869009781749,833.9398381712484,100000,162.204,158.678,0.04905442903135505,0.7948534408095616
707,short,2022-12-22,13:00:00,159.108,2022-12-22,22:00:00,159.382,4169.699190856216,closed,-8.066995226186423,-0.19346707896523171,825.872842945062,100000,159.505,158.826,0.05241344484068954,0.8339398381712432
708,long,2022-12-28,02:00:00,160.735,2022-12-28,20:00:00,161.453,4129.364214725283,closed,17.56853271740744,0.42545369707903646,843.4413756624695,0,160.735,162.352,0.05138102111830383,0.8258728429450567
709,short,2022-12-30,20:00:00,157.941,2023-01-03,15:00:00,156.702,4217.2068783123195,closed,32.185885451901996,0.7632038546039372,875.6272611143714,100000,158.717,155.372,0.05340230691602965,0.8434413756624639
710,long,2023-01-06,04:00:00,159.391,2023-01-06,12:00:00,159.301,4378.136305571829,closed,-3.4026742092646582,-0.0777196955913467,872.2245869051068,0,159.176,160.003,0.0549358032206565,0.875627261114366
711,long,2023-01-06,21:00:00,159.73,2023-01-09,03:00:00,159.603,4361.122934525506,closed,-4.394323494772803,-0.10076128466786523,867.8302634103339,0,159.532,160.033,0.05460618461811189,0.8722245869051013
712,long,2023-01-09,07:00:00,160.156,2023-01-09,19:00:00,160.688,4339.151317051642,closed,13.491608021994486,0.31092734583779713,881.3218714323284,0,160.049,161.202,0.05418655956756715,0.8678302634103284
713,long,2023-01-10,20:00:00,160.855,2023-01-11,11:00:00,160.74,4406.609357161615,closed,-4.086527148158716,-0.09273631531502328,877.2353442841697,0,160.533,161.184,0.05478983379020379,0.881321871432323
714,short,2023-01-12,01:00:00,160.392,2023-01-13,02:00:00,157.766,4386.17672142082,closed,70.88025703069873,1.6159918200409031,948.1156013148685,100000,160.497,157.471,0.05469321065166368,0.877235344284164
715,short,2023-01-13,08:00:00,156.872,2023-01-13,11:00:00,157.169,4740.578006574315,closed,-9.983716753628253,-0.21060125452598108,938.1318845612402,100000,157.404,156.64,0.06043880369440453,0.9481156013148629
716,short,2023-01-13,15:00:00,156.044,2023-01-13,20:00:00,156.329,4690.659422806173,closed,-9.56530918292167,-0.20392248340211516,928.5665753783186,100000,156.329,155.693,0.06011970242759956,0.9381318845612346
717,long,2023-01-18,02:00:00,158.128,2023-01-18,13:00:00,159.602,4642.8328768915635,closed,42.291166772191154,0.9108914297278268,970.8577421505097,0,157.749,161.521,0.0587224637874578,0.9285665753783128
718,long,2023-01-19,13:00:00,158.883,2023-01-20,21:00:00,160.613,4854.288710752518,closed,51.82403467667531,1.0675927569343415,1022.681776827185,0,158.433,161.299,0.06110519955882653,0.9708577421505037
719,long,2023-01-23,08:00:00,161.553,2023-01-23,11:00:00,161.085,5113.408884135895,closed,-15.898927810907738,-0.31092619759459084,1006.7828490162773,0,160.917,161.605,0.06330317461311019,1.0226817768271792
720,long,2023-01-23,18:00:00,161.665,2023-01-24,01:00:00,161.673,5033.914245081355,closed,-0.819955239635531,-0.016288621532174696,1005.9628937766417,0,161.52,161.9,0.06227586979347856,1.0067828490162711
721,short,2023-01-26,06:00:00,160.263,2023-01-26,09:00:00,160.675,5029.814468883178,closed,-13.99925011614029,-0.2783253776604744,991.9636436605015,100000,160.714,160.233,0.06276950348967857,1.0059628937766356
722,short,2023-01-27,02:00:00,160.992,2023-01-27,19:00:00,160.995,4959.8182183024755,closed,-1.146002919472855,-0.02310574438482305,990.8176407410286,100000,161.193,160.435,0.06161571032476739,0.9919636436604952
723,short,2023-02-01,02:00:00,159.958,2023-02-01,06:00:00,160.422,4954.088203705112,closed,-15.423388083773416,-0.3113264731992139,975.3942526572553,100000,160.422,159.918,0.06194236241644823,0.9908176407410225
724,short,2023-02-01,13:00:00,160.021,2023-02-03,05:00:00,157.015,4876.971263286246,closed,90.57772486865736,1.8572536104636268,1065.9719775259127,100000,160.068,156.856,0.06095414056012956,0.9753942526572492
725,long,2023-02-06,15:00:00,159.721,2023-02-06,20:00:00,159.47,5329.859887629532,closed,-9.508534643489035,-0.1784012121136261,1056.4634428824238,0,159.363,159.939,0.06673962581788909,1.0659719775259064
726,long,2023-02-09,12:00:00,158.999,2023-02-10,02:00:00,159.419,5282.317214412087,closed,12.830470409684809,0.24289473518702376,1069.2939132921085,0,158.872,159.665,0.06644465958165884,1.0564634428824176
727,long,2023-02-14,13:00:00,161.36,2023-02-15,02:00:00,161.656,5346.46956646051,closed,8.672042555097514,0.16220128904312858,1077.965955847206,0,161.2,162.172,0.06626759502306036,1.069293913292102
728,long,2023-02-15,22:00:00,161.394,2023-02-16,02:00:00,161.182,5389.829779235997,closed,-8.224598251698332,-0.15259476808308703,1069.7413575955077,0,160.982,161.564,0.06679095603598642,1.0779659558471995
729,short,2023-02-16,02:00:00,161.182,2023-02-16,07:00:00,161.297,5348.706787977508,closed,-4.952300788508489,-0.09258875060491191,1064.7890568069993,100000,161.386,161.034,0.06636853728055873,1.0697413575955015
730,long,2023-02-16,07:00:00,161.297,2023-02-16,09:00:00,161.159,5323.945284034967,closed,-5.685782254231143,-0.1067964066287688,1059.1032745527682,0,161.011,161.307,0.06601418853462826,1.0647890568069933
731,long,2023-02-21,08:00:00,161.779,2023-02-22,01:00:00,163.482,5295.516372763809,closed,54.619775628588286,1.0314343641634593,1113.7230501813565,0,161.507,163.749,0.06546605397194703,1.059103274552762
732,short,2023-02-23,11:00:00,162.261,2023-02-23,14:00:00,162.651,5568.615250906751,closed,-14.566722713412371,-0.26158608661355154,1099.156327467944,100000,162.699,162.209,0.06863775338382914,1.1137230501813502
733,short,2023-02-23,18:00:00,161.979,2023-02-24,04:00:00,161.976,5495.781637339687,closed,-1.0652273512585622,-0.019382636020709894,1098.0911001166855,100000,162.05,161.288,0.06785795241777869,1.0991563274679375
734,long,2023-02-27,12:00:00,163.257,2023-02-28,04:00:00,164.286,5490.455500583394,closed,33.440690079857994,0.6090695039110092,1131.5317901965436,0,163.167,164.516,0.0672615018110512,1.0980911001166789
735,long,2023-02-28,10:00:00,165.194,2023-02-28,18:00:00,164.575,5657.658950982682,closed,-22.39989631045904,-0.39592164364323146,1109.1318938860845,0,164.575,165.991,0.06849714821340584,1.1315317901965365
736,short,2023-03-08,15:00:00,162.066,2023-03-08,20:00:00,162.449,5545.6594694303885,closed,-14.283264011237984,-0.25755753828687683,1094.8486298748464,100000,162.474,161.752,0.0684370499602679,1.1091318938860777
737,short,2023-03-09,05:00:00,162.243,2023-03-09,16:00:00,162.282,5474.243149374197,closed,-2.4782301571174816,-0.045270735871511064,1092.370399717729,100000,162.424,161.643,0.06748202571912745,1.0948486298748394
738,short,2023-03-10,17:00:00,162.481,2023-03-13,07:00:00,162.751,5461.851998588609,closed,-10.23573943127315,-0.18740418879746568,1082.1346602864558,100000,163.05,161.63,0.06723065464378739,1.0923703997177219
739,short,2023-03-15,11:00:00,162.586,2023-03-16,15:00:00,159.987,5410.6733014322435,closed,85.34300996360267,1.5773085013469907,1167.4776702500585,100000,162.587,158.598,0.06655767780045323,1.0821346602864488
740,long,2023-03-28,18:00:00,161.634,2023-03-30,01:00:00,163.386,5837.388351250256,closed,62.03351726081646,1.062692997760378,1229.511187510875,0,161.139,163.686,0.07222970849264705,1.1674776702500513
741,long,2023-03-30,15:00:00,164.349,2023-03-30,21:00:00,164.148,6147.555937554339,closed,-8.822826968705098,-0.1435176362496842,1220.68836054217,0,163.821,164.431,0.07481099291817217,1.2295111875108677
742,long,2023-03-30,22:00:00,164.318,2023-03-31,07:00:00,164.56,6103.441802710813,closed,7.693892103256905,0.12605825289985892,1228.382252645427,0,164.249,165.45,0.07428817053166194,1.2206883605421628
743,long,2023-04-03,09:00:00,164.266,2023-04-03,19:00:00,164.206,6141.911263227098,closed,-3.5465643373135443,-0.057743659673944875,1224.8356883081133,0,163.802,164.885,0.0747800672473561,1.2283822526454198
744,short,2023-04-03,19:00:00,164.206,2023-04-04,03:00:00,164.524,6124.17844154053,closed,-13.159461105729173,-0.21487716648600666,1211.676227202384,100000,164.554,164.086,0.07459140885887885,1.224835688308106
745,short,2023-04-04,18:00:00,164.488,2023-04-07,08:00:00,164.055,6058.381136011885,closed,14.662808656929466,0.24202519332716838,1226.3390358593135,100000,164.764,162.809,0.0736635029426084,1.211676227202377
746,short,2023-04-10,10:00:00,164.131,2023-04-10,14:00:00,164.924,6131.695179296535,closed,-30.926381486954977,-0.5043691929007965,1195.4126543723585,100000,164.989,164.075,0.07471708792728411,1.226339035859307
747,long,2023-04-10,14:00:00,164.924,2023-04-11,03:00:00,165.413,5977.063271861762,closed,16.45410963102397,0.2752875263757878,1211.8667640033825,0,164.572,165.527,0.0724826377223662,1.1954126543723524
748,long,2023-04-11,19:00:00,165.942,2023-04-12,09:00:00,166.162,6059.333820016882,closed,6.748352907711279,0.11137120198623549,1218.6151169110938,0,165.864,166.572,0.0730295382726119,1.2118667640033765
749,long,2023-04-12,20:00:00,166.607,2023-04-13,09:00:00,166.282,6093.07558455544,closed,-13.17751069842663,-0.2162702647547754,1205.437606212667,0,166.094,166.607,0.07314309224168782,1.2186151169110881
750,long,2023-04-13,11:00:00,166.737,2023-04-13,15:00:00,166.069,6027.188031063306,closed,-25.424513041253796,-0.42183042755957373,1180.0130931714134,0,166.069,166.812,0.07229574756728628,1.2054376062126613
751,short,2023-04-13,15:00:00,166.069,2023-04-14,06:00:00,166.064,5900.065465857037,closed,-1.0734297067624794,-0.018193521969786384,1178.939663464651,100000,166.316,165.46,0.07105559093939312,1.1800130931714075
752,short,2023-04-14,10:00:00,165.645,2023-04-14,16:00:00,165.963,5894.698317323223,closed,-12.566566585758313,-0.21318421926407896,1166.3730968788927,100000,166.088,165.484,0.07117266826433907,1.1789396634646447
753,short,2023-04-27,02:00:00,166.427,2023-04-27,06:00:00,166.692,5831.86548439443,closed,-10.522475678391494,-0.18043069934566794,1155.8506212005013,100000,166.716,166.376,0.07008316540458495,1.166373096878886
754,short,2023-04-28,06:00:00,167.05,2023-04-28,07:00:00,168.098,5779.25310600247,closed,-37.48159597470306,-0.6485543250523805,1118.3690252257982,100000,168.256,167.05,0.06919189591143335,1.1558506212004942
755,long,2023-04-28,07:00:00,168.098,2023-05-01,02:00:00,171.308,5591.845126128956,closed,105.59699442122553,1.888410570024616,1223.9660196470236,0,168.03,171.613,0.06653077521599252,1.1183690252257912
756,short,2023-05-03,14:00:00,169.426,2023-05-03,18:00:00,169.773,6119.830098235084,closed,-13.830181737919869,-0.22598963559312532,1210.1358379091037,100000,169.826,169.174,0.07224192388694868,1.2239660196470168
757,short,2023-05-04,01:00:00,169.118,2023-05-04,05:00:00,169.28,6050.679189545485,closed,-7.0777039683594145,-0.11697371066356399,1203.0581339407443,100000,169.448,169.022,0.07155570890792802,1.2101358379090972
758,short,2023-05-04,17:00:00,168.343,2023-05-09,17:00:00,170.381,6015.290669703686,closed,-74.09704817923866,-1.2318115989378895,1128.9610857615055,100000,171.066,168.072,0.0714646961228407,1.2030581339407374
759,short,2023-05-11,10:00:00,169.087,2023-05-11,11:00:00,169.632,5644.8054288074945,closed,-19.39002532817984,-0.34350210246796975,1109.5710604333256,100000,169.662,169.087,0.06676805938726804,1.128961085761499
760,short,2023-05-11,15:00:00,168.449,2023-05-16,17:00:00,170.555,5547.855302166595,closed,-70.53639447266582,-1.2714173429346536,1039.0346659606598,100000,170.835,167.885,0.06586985143475586,1.109571060433319
761,long,2023-05-16,17:00:00,170.555,2023-05-16,21:00:00,170.223,5195.173329803265,closed,-11.212807889579178,-0.21583125677933432,1027.8218580710807,0,170.153,170.709,0.06092079774621987,1.039034665960653
762,short,2023-05-16,21:00:00,170.223,2023-05-17,05:00:00,170.532,5139.109290355368,closed,-10.417052392725653,-0.20270151507140485,1017.404805678355,100000,170.532,170.104,0.06038090375983701,1.0278218580710736
763,long,2023-05-18,17:00:00,171.994,2023-05-18,20:00:00,171.81,5087.024028391738,closed,-6.518680834381969,-0.12814330732467266,1010.8861248439731,0,171.706,172.148,0.059153505684985966,1.0174048056783478
764,long,2023-05-18,21:00:00,171.987,2023-05-19,03:00:00,171.823,5054.430624219829,closed,-5.889368124183608,-0.11651892294184284,1004.9967567197895,0,171.657,172.28,0.05877689155831347,1.0108861248439658
765,long,2023-05-19,14:00:00,172.231,2023-05-19,19:00:00,171.785,5024.983783598911,closed,-14.075772256207692,-0.2801157747443829,990.9209844635818,0,171.374,172.504,0.05835167633699986,1.0049967567197822
766,short,2023-05-19,19:00:00,171.785,2023-05-22,13:00:00,171.775,4954.604922317874,closed,-0.7601858249415099,-0.015343015979281716,990.1607986386404,100000,171.937,171.22,0.05768378988058183,0.9909209844635749
